0 0 0
0.0 0.0 0.0 Track 3
0.19760531675730839 0.003971953253567087 0.04019546156108148 Track 3
0.5511667129491342 0.03176020841600345 0.11667261605756035 Track 3
0.8089031519421029 0.07069386600867889 0.1831802383115867 Track 3
1.0696630798080884 0.1270396779341544 0.242442099731576 Track 3
1.322446421232117 0.19826701020389625 0.30686061575973034 Track 3
1.552204788253965 0.27935872477190604 0.37172868629218625 Track 3
1.7710872847556394 0.37222101811993585 0.4307525482687218 Track 3
2.001977944944305 0.48503049711427887 0.4781937706638404 Track 3
2.2395817413307886 0.6138802327327486 0.5156125720512945 Track 3
2.4579908697162045 0.7421327071594659 0.5463145002568311 Track 3
2.648125016983845 0.8610675878382955 0.5716482187933549 Track 3
2.8347983164085675 0.9821964131407885 0.5795286448099354 Track 3
3.0805980796454357 1.1424636829038923 0.5760644306885526 Track 3
3.3560767504911513 1.3207201650790357 0.572573772184564 Track 3
3.576310578070696 1.4602357598889892 0.556786475768797 Track 3
3.766579899790116 1.5756251867081836 0.5335154190755393 Track 3
3.976428234868704 1.6955928415147925 0.5051670409219344 Track 3
4.230057816974523 1.8310442851544306 0.4758666649945145 Track 3
4.501323880317921 1.9660910899135744 0.44796784134521117 Track 3
4.7657046270322265 2.089301515651808 0.4242472301476518 Track 3
5.009662703277171 2.196807385315375 0.4058948286191054 Track 3
5.241175209895061 2.2946165265045653 0.39357174632472136 Track 3
5.494546262551422 2.3989623251705163 0.3877539821514069 Track 3
5.746734058440153 2.5021701113097663 0.3891555344295235 Track 3
5.99287925889683 2.6040086094422694 0.39542285310713954 Track 3
6.240159132001712 2.708783664212604 0.4061328280625593 Track 3
6.497645835434542 2.823975290338602 0.4351952045465255 Track 3
6.757971610669836 2.9506082156047153 0.47028690026465386 Track 3
7.0104164485201 3.0845616214310367 0.5054050403653882 Track 3
7.270310131857936 3.236486550308311 0.552581818934447 Track 3
7.48059032936165 3.3740821139929067 0.6062639156245757 Track 3
7.652790327987717 3.499297128444505 0.6511664772895207 Track 3
7.888890409129475 3.6888593443889928 0.7018339143625683 Track 3
8.124765961275807 3.9028178101789335 0.7715941956771295 Track 3
8.300215209861943 4.085136555179317 0.8375993746616422 Track 3
8.468460219282944 4.281962729604724 0.8894568089519587 Track 3
8.616869463564585 4.472748474541466 0.9299167143390998 Track 3
8.770008011856842 4.68854337467523 0.9773314923516124 Track 3
8.920123106776215 4.922691608539642 1.0240587164163697 Track 3
9.055831436518703 5.154428890576955 1.0579868592998352 Track 3
9.173050703481406 5.370054689864065 1.0877367897315566 Track 3
9.264564884493275 5.549420935356882 1.110293848094453 Track 3
9.360946753530012 5.747811412144273 1.1268215872231873 Track 3
9.490221715091325 6.021885372505188 1.1333004609616513 Track 3
9.626719189607707 6.3159440090751815 1.1391182251349656 Track 3
9.729314189036158 6.541068188739908 1.1472630949776057 Track 3
9.819753190045637 6.742240062514722 1.1493522012034778 Track 3
9.932026139384678 6.992439062090574 1.1486382028731166 Track 3
10.060566728522232 7.279337053294005 1.1505157540381408 Track 3
10.178836771485617 7.5459715480009395 1.1560955187680013 Track 3
10.274000600105735 7.765802429354319 1.1684186010623856 Track 3
10.370264514626847 7.9958347422989675 1.180503683913316 Track 3
10.47639901997274 8.261424148324997 1.2007336366068866 Track 3
10.577485661678821 8.532699849792778 1.227468907421527 Track 3
10.673506617385302 8.81825763494473 1.2653637076958888 Track 3
10.76001333765272 9.116383515139182 1.3114033778128908 Track 3
10.819570362829298 9.368372107882669 1.3660110278942286 Track 3
10.860224638055687 9.600639641247643 1.4290279916442663 Track 3
10.886908102059081 9.83909731912911 1.4896914053423722 Track 3
10.90120798691566 10.114885672641302 1.5482921571972121 Track 3
10.89901996887356 10.367908024943455 1.6105951226168886 Track 3
10.881399641132287 10.614639168413571 1.6735856419843202 Track 3
10.845027888648788 10.888392338735226 1.7321863938391602 Track 3
10.791647168284214 11.165121531979656 1.7905227018679404 Track 3
10.726522999088305 11.423610451718147 1.8446807974449766 Track 3
10.652579354627461 11.663787218845526 1.8942375704485732 Track 3
10.562266292745083 11.914599776564376 1.9386112444613988 Track 3
10.460937547793252 12.160931563933651 1.9834873617437379 Track 3
10.34927532220896 12.401071399230752 2.0286014784695308 Track 3
10.22721926652307 12.638073272061224 2.064142728691961 Track 3
10.102987812547637 12.860794731062784 2.095056211958345 Track 3
9.974919884231321 13.074748545555988 2.125282141276974 Track 3
9.838225583698616 13.28797554969714 2.156460068369418 Track 3
9.700808504685513 13.488953028721433 2.184596891462175 Track 3
9.556243314047896 13.689985294031079 2.2038748463819307 Track 3
9.398917324669583 13.902505123564607 2.2122312712854186 Track 3
9.230751405392947 14.12407378984094 2.2278070126403375 Track 3
9.059784744794298 14.340991154935123 2.2487509636642695 Track 3
8.88739625670964 14.551733773309188 2.264088705575735 Track 3
8.719344208494814 14.751334132928969 2.277099341817874 Track 3
8.535858248325903 14.962997724584715 2.292913082616247 Track 3
8.35731041588821 15.160968569294573 2.3163956943703528 Track 3
8.176640009620003 15.35162790261925 2.3422054117937843 Track 3
7.98258252191782 15.545382854174632 2.371743787164658 Track 3
7.759638534626787 15.753165780949445 2.4110136953345305 Track 3
7.529953320715436 15.948094021072803 2.464722236407265 Track 3
7.316971822528694 16.108375264429608 2.5281887546616044 Track 3
7.112449145147106 16.244400177251475 2.5811832974039777 Track 3
6.894840131140195 16.373113208135504 2.633728285642049 Track 3
6.666660722490719 16.491761710598816 2.690451486331865 Track 3
6.418547724653151 16.603804822725653 2.7443980268480535 Track 3
6.1544239522287665 16.707664448021294 2.7894856991912405 Track 3
5.895447301793618 16.797822783862447 2.823678285900766 Track 3
5.6647432604687395 16.869960280555432 2.8534017719498816 Track 3
5.4396449656967425 16.933399585366598 2.8803750422079757 Track 3
5.229518684989121 16.98698969214694 2.9033816550751737 Track 3
4.962766345990802 17.050609884874234 2.91155296930042 Track 3
4.654471086982938 17.122468469881465 2.9136420755262917 Track 3
4.38176042935348 17.18553124120846 2.9150436278044083 Track 3
4.14455333066844 17.24041375653231 2.9134040760828377 Track 3
3.9053177385582023 17.296205678604448 2.9115529693004194 Track 3
3.636440239154669 17.35937535625335 2.910124972639697 Track 3
3.3528518930586153 17.42669792658076 2.906898757961768 Track 3
3.0806514404180234 17.492855003370096 2.899441442066883 Track 3
2.846390982356339 17.551581926524417 2.8924865694415116 Track 3
2.6475580079348493 17.60268119958019 2.887594358659406 Track 3
2.3764371113603335 17.6731344950295 2.8871183597724985 Track 3
2.0576172954390484 17.756933024114435 2.8820145939295454 Track 3
1.7738293927935973 17.832402968424706 2.88132703998179 Track 3
1.5200430816907406 17.900145921104457 2.880163487147127 Track 3
1.2569580865155068 17.970274085380073 2.8820145939295454 Track 3
0.9990878420378335 18.03878948443856 2.881776594486092 Track 3
0.7600324053563907 18.10164979630066 2.887144804155105 Track 3
0.47779459793516643 18.17442650050797 2.891323016606849 Track 3
0.185833485495686 18.24880945536583 2.8929361239458133 Track 3
-0.08753564186788948 18.31751346123195 2.897801890345313 Track 3
-0.3278346643764094 18.37636140545865 2.90504765117935 Track 3
-0.5723594374261287 18.434437786623242 2.9117645243612675 Track 3
-0.8580391820498227 18.5014473509212 2.9106274159092105 Track 3
-1.1511375205060834 18.57026654445504 2.911314969856966 Track 3
-1.4069966057519294 18.63065977470089 2.9082738658572787 Track 3
-1.6512410797853545 18.688973301975633 2.9061847596314068 Track 3
-1.9046028343501433 18.750427557201267 2.9010809937884536 Track 3
-2.170808895819077 18.817196617019803 2.890609018276488 Track 3
-2.4411819317258643 18.889608370417548 2.869215512748254 Track 3
-2.706456075863229 18.966502700839847 2.8496995583850446 Track 3
-2.9720241079955088 19.049237192440156 2.829469605691474 Track 3
-3.2082600772266936 19.129055944372894 2.802046780929078 Track 3
-3.449360107730541 19.218024172663426 2.774121512897169 Track 3
-3.706039481465732 19.319996363045323 2.7527544517515414 Track 3
-3.976397119354073 19.434044067337403 2.7320485001710635 Track 3
-4.221382543213762 19.54406312917316 2.7069527810779936 Track 3
-4.4082969665850715 19.633599283839104 2.6827826153761327 Track 3
-4.6456363432687215 19.754533689313497 2.6578984513439106 Track 3
-4.919203506052705 19.90175045533052 2.637906498093794 Track 3
-5.149346838396255 20.03237336430625 2.612810779000724 Track 3
-5.387107001148386 20.17672290490705 2.5790941911781062 Track 3
-5.632533428951421 20.337534100267494 2.544002495459978 Track 3
-5.87823800652338 20.51149288379034 2.507033248576825 Track 3
-6.089053568890426 20.671800762514682 2.475881765866987 Track 3
-6.267524387629888 20.81400961025852 2.4617075767901846 Track 3
-6.473508099332223 20.980150071315947 2.4640082380769046 Track 3
-6.699545590661759 21.161039150036174 2.4693764477459172 Track 3
-6.959242682964123 21.364784149178252 2.483312637379266 Track 3
-7.176691209658722 21.52862533675807 2.5084348008549417 Track 3
-7.362196011133766 21.66152278989055 2.5314414137221397 Track 3
-7.557382119741414 21.794269246450103 2.5572511311455712 Track 3
-7.789260044378451 21.944321297811197 2.577243084395688 Track 3
-8.048856992948995 22.107721533240607 2.582373294621247 Track 3
-8.307299990884577 22.269266912696565 2.583510403073304 Track 3
-8.52859665090905 22.40791892804253 2.580257744012769 Track 3
-8.747105781351891 22.546491792289526 2.5725888730570365 Track 3
-8.957029582920711 22.684672213584054 2.546303156746698 Track 3
-9.1782805683869 22.83993849234649 2.5130625678109877 Track 3
-9.408050849823418 23.013154277401405 2.478182427153707 Track 3
-9.63611181645099 23.198114174614826 2.442165178044369 Track 3
-9.850618474195828 23.386608110162612 2.3991401675444486 Track 3
-10.050743800899706 23.579759532289245 2.348710729914855 Track 3
-10.224006788646658 23.76418767093623 2.3012695075197365 Track 3
-10.396358014420468 23.96497759622832 2.258984939732783 Track 3
-10.563979642082284 24.17729264137053 2.2192125882933973 Track 3
-10.722953589729958 24.39588870288951 2.1799426801235247 Track 3
-10.87812280789301 24.6267323271476 2.145274094527092 Track 3
-11.01241306399496 24.841224919665382 2.115074609591069 Track 3
-11.124461779636821 25.031457395068287 2.091115998950056 Track 3
-11.241893714471093 25.240491914932903 2.074165149699626 Track 3
-11.384346864704815 25.501260609938015 2.067395387752496 Track 3
-11.53003355864134 25.77144491693612 2.0632436196833583 Track 3
-11.658422621098529 26.011544678244814 2.0604405151271252 Track 3
-11.772956897210248 26.226643472821493 2.059726516796764 Track 3
-11.892824644660069 26.451507782522988 2.0613660685183346 Track 3
-12.024347332289581 26.696858871954102 2.064380728135416 Track 3
-12.165101365449749 26.958549244973184 2.064169173074568 Track 3
-12.30156237677896 27.211896564437343 2.0655707253526847 Track 3
-12.427112300491432 27.444854038740225 2.064645171961476 Track 3
-12.548773277683948 27.67123305242286 2.0632171753007533 Track 3
-12.671703226726715 27.901387141524534 2.0595149617359167 Track 3
-12.797691848654116 28.140537408148095 2.051819646397578 Track 3
-12.913765794294003 28.36786957560841 2.0339432437559393 Track 3
-13.131206771276828 28.824894334069434 1.9958104440381237 Track 3
-13.325741494401253 29.286188029819233 1.9439530097478073 Track 3
-13.488417963901442 29.739298363553885 1.8870182539971438 Track 3
-13.629981174933823 30.21925779506228 1.8282059470814562 Track 3
-13.747880848793729 30.73334757048873 1.7642634299402093 Track 3
-13.826737974293485 31.210036888776436 1.705213123581068 Track 3
-13.877307411570873 31.688797956657897 1.6468503711696818 Track 3
-13.899815890419337 32.1502678033723 1.5922162767057382 Track 3
-13.899775566333469 32.65855578756249 1.5492177105884233 Track 3
-13.879227807105714 33.162506314667176 1.51087335580976 Track 3
-13.842888347399782 33.64435701895762 1.4801714276042235 Track 3
-13.790965747315676 34.148039140180515 1.4559748175197567 Track 3
-13.729608786105482 34.62361210733151 1.4290015472616624 Track 3
-13.652826550061187 35.122123582601716 1.4069469321682795 Track 3
-13.566997040978 35.60165371311915 1.380423216414487 Track 3
-13.467698863594947 36.08258734702636 1.3539523894259062 Track 3
-13.350726586755268 36.57523223930943 1.3213993544379514 Track 3
-13.225454864224544 37.035827344875486 1.2890843188934504 Track 3
-13.084875189280082 37.49220892782721 1.2548917321839252 Track 3
-12.915464157438938 37.977451296309795 1.2149078256836916 Track 3
-12.728043581346503 38.45626986214462 1.1805036839133185 Track 3
-12.537476232044774 38.8981831589269 1.1468135404733069 Track 3
-12.323107411913124 39.35474252921141 1.1168256105981316 Track 3
-12.101085503742958 39.79496521684561 1.0905398942877929 Track 3
-11.875300208466768 40.21577240722295 1.0661317291424783 Track 3
-11.623711206702549 40.6594683647597 1.0438126702230357 Track 3
-11.378698263732344 41.071670113396486 1.0251958248684296 Track 3
-11.102700661980924 41.5122300834653 0.9970854461582785 Track 3
-10.829531072990184 41.92477836763677 0.9747663872388359 Track 3
-10.553204255738866 42.32359704938085 0.9549859890495669 Track 3
-10.240908420368587 42.75088762762427 0.9243105052266363 Track 3
-9.934546144859485 43.14689520102886 0.9003783389682292 Track 3
-9.63913588560859 43.509818612153694 0.8748066209882517 Track 3
-9.300654494939995 43.90411925212901 0.8480449057910053 Track 3
-9.022472163450471 44.21347485915399 0.8287669508712497 Track 3
-8.644418513606482 44.61652007335118 0.8059983374475055 Track 3
-8.296861336759006 44.97144316462924 0.7857683847539348 Track 3
-7.982521731690985 45.28093262031141 0.7694786450686545 Track 3
-7.582800016281687 45.661874836727876 0.75321534976598 Track 3
-7.243793180424486 45.973276859445974 0.7327473976289556 Track 3
-6.885928288319799 46.29246252526141 0.7239149738385601 Track 3
-6.505894776869949 46.62411079104665 0.7111158926572683 Track 3
-6.1103017422977 46.95839489277555 0.6920759371809665 Track 3
-5.727514874987334 47.27192212639748 0.6804404088343377 Track 3
-5.328592342118577 47.589773728598665 0.6651026669228725 Track 3
-4.946112618547663 47.88546844257349 0.6511400329069179 Track 3
-4.541228876930926 48.18955584978167 0.6372038432735692 Track 3
-4.157646235561009 48.47073230105755 0.6278954205962661 Track 3
-3.7414342309153805 48.76896894774664 0.6155987826844878 Track 3
-3.3470746291358866 49.045219092160615 0.6065283594506385 Track 3
-2.9249139945909715 49.3349759520628 0.5965059384429742 Track 3
-2.5013568855590327 49.61957013069947 0.5867479612613695 Track 3
-2.0881738493147717 49.89179472188648 0.5783915363578815 Track 3
-1.6594556106674772 50.16814896045522 0.5667560080112526 Track 3
-1.247980632828101 50.42566818109761 0.5516562655432411 Track 3
-0.817093654323512 50.68745652436533 0.540258736640066 Track 3
-0.3782131210877098 50.947370175638426 0.5290992071803446 Track 3
0.036952027484714656 51.18336930793994 0.50469104203503 Track 3
0.4793766383070001 51.41773343952297 0.46959934631690153 Track 3
0.9155254195550127 51.62620479615171 0.422158123921783 Track 3
1.361840537085323 51.811288933912614 0.3640598153364566 Track 3
1.816315641211141 51.97544649647238 0.329179674679176 Track 3
2.312485097546753 52.14268893370666 0.32103480483653585 Track 3
2.7898712720475083 52.306198224197175 0.3389376518607807 Track 3
3.2812399275822575 52.497288523357845 0.4028537246194215 Track 3
3.7524727327305145 52.71616384230382 0.4667962417606683 Track 3
4.190341608505274 52.954732496109585 0.5309503139627629 Track 3
4.548063756596952 53.17878200210349 0.5881495135394862 Track 3
4.94268534564189 53.4473481092033 0.6069779139549402 Track 3
5.362497578946879 53.73744078640558 0.6023501469988947 Track 3
5.747713325274516 53.99615457637738 0.5804806425837535 Track 3
6.1688194139784835 54.255835193079726 0.524682995285147 Track 3
6.626680602296853 54.50192310431883 0.4616660315351092 Track 3
7.049537540003536 54.69760905241398 0.4051808302887473 Track 3
7.50381403047432 54.87879129648942 0.35382583926794436 Track 3
7.997305638762486 55.05373678891289 0.3275401229576055 Track 3
8.459470675115627 55.207784111967115 0.31593103899358266 Track 3
8.904208910536651 55.35338783161951 0.31685659238479175 Track 3
9.412204048100898 55.52172654222264 0.3231239110624078 Track 3
9.817787985133242 55.663224424311345 0.3482196301554778 Track 3
10.324769427711335 55.851547878749585 0.3631078175626415 Track 3
10.779756155785055 56.03104995054589 0.3884415360991652 Track 3
11.245389823515476 56.22496122672171 0.40076461839354943 Track 3
11.70385410858733 56.42072062814688 0.40634438312341004 Track 3
12.176057366450648 56.624298160982 0.40774593540152676 Track 3
12.628694229628676 56.819255676550796 0.40565682917565477 Track 3
13.083699123600795 57.01367311659662 0.40195461561081824 Track 3
13.529496785644442 57.20073635961465 0.39264619293351516 Track 3
13.996838702539602 57.38990705342999 0.3765944526916885 Track 3
14.449084896829149 57.56566584543143 0.3647473692842118 Track 3
14.924704372997088 57.74505695835465 0.3566024994415716 Track 3
15.3634564422507 57.90781149095271 0.35382583926794425 Track 3
15.818150480849457 58.077143408119895 0.3591676045543512 Track 3
16.34083650852504 58.278815280628436 0.37730845102204985 Track 3
16.75320003007103 58.45077278911828 0.41284970124447984 Track 3
17.191360639565875 58.654477138341065 0.457514263465971 Track 3
17.64413045227502 58.89391522512384 0.5153745726078437 Track 3
18.09426359014769 59.16839182064309 0.5797666442533921 Track 3
18.51727404226841 59.46668398969415 0.6486013721767443 Track 3
18.877062132198127 59.7568628778604 0.7088152313705487 Track 3
19.226314367690815 60.07410970073834 0.766014430947272 Track 3
19.538811476581685 60.390933800627806 0.8185329748027377 Track 3
19.82994599776423 60.71705302801989 0.8654981983109488 Track 3
20.168347413314333 61.12681558078377 0.895486128186124 Track 3
20.467686398601263 61.51087227517522 0.9219833995573108 Track 3
20.747655521990797 61.888288710596925 0.9431389056420904 Track 3
21.053560770183516 62.3201888636035 0.9659339634484405 Track 3
21.32315657892049 62.719118308898366 0.9870630251506143 Track 3
21.583984486086056 63.128225683004764 1.0193780606951155 Track 3
21.84955990293874 63.57514214070277 1.0498684338398043 Track 3
22.07097622315906 63.98290170056583 1.0968072129654094 Track 3
22.301558630915853 64.45514261315607 1.1363415649613415 Track 3
22.493047705580455 64.89875771943476 1.190261661094924 Track 3
22.65691753223068 65.33914087075189 1.2388664363247055 Track 3
22.80231614257061 65.79787414373789 1.2888463194499977 Track 3
22.926610372751952 66.27494360316041 1.343004415027034 Track 3
23.029919984355534 66.76861094313092 1.3860029811443488 Track 3
23.112398170432556 67.26817394902386 1.4283404376965143 Track 3
23.174353113816217 67.75927668679431 1.46226858057998 Track 3
23.217782026945127 68.22870832731988 1.4948216155679348 Track 3
23.25176324635403 68.74747685229165 1.5159506772701086 Track 3
23.27113086254518 69.21699293805086 1.5431883913542626 Track 3
23.2791974740249 69.70037222687957 1.5650314513867976 Track 3
23.276339129799307 70.22002515897059 1.587562065367088 Track 3
23.259315990692876 70.69332879556764 1.6259328645283573 Track 3
23.222097455681965 71.19632439140968 1.6633781102984173 Track 3
23.16675623331082 71.68227657166902 1.7050015685202213 Track 3
23.091227018385723 72.16749183628889 1.7454350295247567 Track 3
22.98833598424376 72.70420476731015 1.7749734048956305 Track 3
22.884337690098523 73.15864409959416 1.8165704187348288 Track 3
22.7431791854648 73.68273743815595 1.8512125599486557 Track 3
22.59137968522333 74.15749938455785 1.9093108685339821 Track 3
22.4041665788321 74.64031505975808 1.972089832840566 Track 3
22.188608276694488 75.10248560024864 2.042326113042035 Track 3
21.956832155515762 75.51337722512571 2.1264456941116405 Track 3
21.700940034176394 75.8866216476638 2.2171234820675276 Track 3
21.36973108478397 76.28941836050609 2.3008199530154374 Track 3
21.032458093943813 76.64081633308233 2.3705537899473925 Track 3
20.697984279727823 76.94837260977184 2.4256374389156377 Track 3
20.352017457327968 77.23412694901451 2.4768073192581985 Track 3
19.982547175205816 77.5152174852649 2.505631696298711 Track 3
19.54472846922415 77.82934837070314 2.5328165216176526 Track 3
19.13538378549184 78.10414954582397 2.567934661718387 Track 3
18.71367843550915 78.36625135863974 2.6030528018191212 Track 3
18.270094537526063 78.61842054757588 2.64628936737989 Track 3
17.815018133945014 78.84916538008284 2.698358356731054 Track 3
17.32806683067042 79.0612730751452 2.76322642726351 Track 3
16.845488813620648 79.22582664691636 2.8627101946271867 Track 3
16.43523076424159 79.31414721805194 2.996386548700389 Track 3
15.974929999899393 79.35406877183364 3.1137731630883105 Track 3
15.486476821701228 79.336015729039 3.2432977490923744 Track 3
15.023060610089695 79.26104042397164 3.360684363480296 Track 3
14.577722647362009 79.13773383167744 3.4627332359567524 Track 3
14.139007975076735 78.96975286253219 3.5517979165736753 Track 3
13.672059661477007 78.74595279804934 3.625260411453073 Track 3
13.266130400479225 78.51332521288525 3.6986964619498646 Track 3
12.854309341567912 78.23917791691171 3.759148320587123 Track 3
12.462219380629984 77.94682628026452 3.8054259901475787 Track 3
12.050494357231672 77.6111856223621 3.845647896091266 Track 3
11.677579181537938 77.28336190550999 3.8798140384181856 Track 3
11.330445432410631 76.9579598415481 3.9095639688499073 Track 3
10.984259753935463 76.60999358649393 3.949547875350141 Track 3
10.658892897582014 76.25511584831206 3.9911448891893393 Track 3
10.345583761056867 75.8795756614902 4.043028767862261 Track 3
10.064560044605829 75.50301082871977 4.0995139691086235 Track 3
9.784767796062358 75.07896427223851 4.158775830528612 Track 3
9.536062649662306 74.64902181247288 4.217138582939999 Track 3
9.317675138490593 74.21776539326808 4.2701331256823725 Track 3
9.116599523164558 73.76785629182683 4.314057245190896 Track 3
8.936965672583352 73.31927296028061 4.348937385848177 Track 3
8.75836112871775 72.82293267316214 4.385007523722726 Track 3
8.620424060813347 72.3956781491809 4.41520700865875 Track 3
8.475492974462979 71.90663645990138 4.433347855126448 Track 3
8.323230833489234 71.3559290044798 4.451938256098448 Track 3
8.208729259750102 70.91007271523594 4.470079102566147 Track 3
8.094377192400643 70.43046680613996 4.486580397312275 Track 3
7.981700173742564 69.90954838099304 4.512152115292253 Track 3
7.892998793195624 69.44807432178729 4.532831622490125 Track 3
7.809646409917898 68.95637257501376 4.5561026791833825 Track 3
7.735024790996341 68.44209930164209 4.580484399946092 Track 3
7.676282211705521 67.96025619156597 4.601666350413478 Track 3
7.6260456744042315 67.47393860528024 4.6172420917683965 Track 3
7.581434682917001 66.95203332121295 4.636996045575059 Track 3
7.546075340121984 66.45478087057788 4.645802024982848 Track 3
7.515509895589929 65.97622740806429 4.651408234095315 Track 3
7.485820089507886 65.47860280613946 4.654184894268942 Track 3
7.457252925032873 64.98440879667763 4.655110447660151 Track 3
7.428324153145697 64.48083890044768 4.654898892599303 Track 3
7.399963813763442 63.98510330302093 4.655586446547058 Track 3
7.371407130862499 63.48697519809212 4.6546608931558495 Track 3
7.343588832000173 63.01043894508178 4.653497340321187 Track 3
7.316007102891114 62.548968443881954 4.651884232982223 Track 3
7.282211191057559 61.99760657742545 4.6504562363215 Track 3
7.251822435334323 61.507455688476774 4.650482680704107 Track 3
7.222641414351175 61.036683991216314 4.650482680704107 Track 3
7.190722010943829 60.51974206028209 4.650958679591014 Track 3
7.164232296320338 60.03898185965699 4.6637313163897 Track 3
7.1486806321644165 59.577185041897316 4.693719246264875 Track 3
7.142652157919988 59.03442629760822 4.708845433115492 Track 3
7.139589800655013 58.56079814599257 4.703001224559571 Track 3
7.125396010092976 58.06601338517336 4.664418870337454 Track 3
7.082736034881156 57.53658787333962 4.599550799804998 Track 3
7.010017161735161 57.03379059731956 4.537961832715683 Track 3
6.927064115011529 56.6201315347872 4.490996609207472 Track 3
6.805817010621817 56.09485756799337 4.480075079191205 Track 3
6.686651361219563 55.588809140679636 4.482164185417077 Track 3
6.582968796589241 55.12867658252944 4.49935303411096 Track 3
6.485421418581758 54.6240608640328 4.5435151530629385 Track 3
6.40940698249426 54.13316627673367 4.574005526207627 Track 3
6.352656667292385 53.64935619418311 4.617242091768396 Track 3
6.311775721669653 53.13897462954081 4.647679576147873 Track 3
6.282470424320337 52.65072663463578 4.657199553886024 Track 3
6.255488376519418 52.16430939698621 4.656749999381722 Track 3
6.224054783494365 51.65914450759837 4.6437393631395825 Track 3
6.185478501073363 51.21578503702762 4.607457670204186 Track 3
6.120308725561068 50.70399523635995 4.564009549582569 Track 3
6.032501727363852 50.20158983778973 4.514717220405032 Track 3
5.918781842678171 49.69635197944405 4.467275998009914 Track 3
5.790370608137016 49.21853020756147 4.432422301735239 Track 3
5.649796898622736 48.75392686780684 4.404735033146784 Track 3
5.521396258123946 48.3579666536795 4.392887949739307 Track 3
5.323967884009345 47.76492016769168 4.389159291791865 Track 3
5.189096756178154 47.36305166651286 4.388022183339808 Track 3
5.031988852816946 46.89201587024245 4.392887949739307 Track 3
4.865901691701317 46.3830512889903 4.401032819581947 Track 3
4.735596876691182 45.969605666552134 4.4131179024328775 Track 3
4.582968197030015 45.47308129664644 4.41520700865875 Track 3
4.431317209627365 44.97374923690259 4.419861219997402 Track 3
4.30123601191965 44.5403742204879 4.4217123267798195 Track 3
4.155484803845311 44.05521279867136 4.419385221110494 Track 3
4.005835145096374 43.563709360860805 4.414281455267541 Track 3
3.8636080150994574 43.113535920703015 4.398467714469168 Track 3
3.7032331448605635 42.63531890377495 4.379163315166807 Track 3
3.534218124359561 42.164259762799624 4.356632701186516 Track 3
3.3575719583848835 41.702072641468654 4.33801585583191 Track 3
3.17231727401952 41.24114908948229 4.322440114476991 Track 3
2.9819554330336984 40.78656414927889 4.309191478791398 Track 3
2.7867623808581397 40.33379244022417 4.301522607835665 Track 3
2.5933619946505777 39.89308740975173 4.296180842549258 Track 3
2.3759186182778778 39.40409269470936 4.29176463065406 Track 3
2.169469789666974 38.943877200124284 4.289649080045582 Track 3
1.9739475606911978 38.510323897558116 4.287797973263165 Track 3
1.7524126936502815 38.02316914190763 4.283381761367967 Track 3
1.554153313653827 37.59278206225421 4.27803999608156 Track 3
1.3322212961806976 37.120715149318706 4.267806020013047 Track 3
1.1111501189161432 36.665406386651 4.252944276988489 Track 3
0.8950114721030868 36.2373558455843 4.236654537303209 Track 3
0.6584104746999999 35.7896787694863 4.215737030661883 Track 3
0.4194101607719307 35.35843010833992 4.196908630246429 Track 3
0.1721440479628384 34.93212055278601 4.176678677552858 Track 3
-0.07444070302591854 34.523144521431675 4.162954042980357 Track 3
-0.32710657717691 34.11584063668767 4.151344959016334 Track 3
-0.6164724364534263 33.65867140376072 4.144839640895264 Track 3
-0.8581914192748513 33.28289899664152 4.136694771052624 Track 3
-1.1440135897092545 32.84419512576623 4.133204112548635 Track 3
-1.4183011307118185 32.42531790635658 4.132067004096578 Track 3
-1.6753442409145598 32.03426638127878 4.129713454044647 Track 3
-1.9565120070635487 31.608686190842327 4.127386348375321 Track 3
-2.2358265110697424 31.190782122610162 4.119029923471833 Track 3
-2.5092277646438808 30.78994533554575 4.108557947959866 Track 3
-2.798559237516169 30.376783678992854 4.094383758883064 Track 3
-3.087694629748227 29.97768107469436 4.076480911858819 Track 3
-3.3855204976075495 29.582561507533427 4.056488958608702 Track 3
-3.6984177587584557 29.18445282760156 4.036047450854284 Track 3
-4.0061955547757915 28.809373935554316 4.014415945882597 Track 3
-4.329592966560167 28.432019311754363 3.993260439797817 Track 3
-4.680478608294009 28.038413995252895 3.9753575927735723 Track 3
-5.015465306408644 27.676939396701204 3.954651641193094 Track 3
-5.355631817153298 27.320324671751784 3.9465332157330595 Track 3
-5.722826024906935 26.938844302447357 3.9456076623418506 Track 3
-6.059470625084478 26.59185818760749 3.9386263453338732 Track 3
-6.4071762647098 26.237374667531537 3.934659687942977 Track 3
-6.776679483018841 25.866402841893937 3.923288603422408 Track 3
-7.115881118384641 25.535529898407816 3.9058353109024644 Track 3
-7.491662501303851 25.176577475468715 3.902344652398476 Track 3
-7.862727735186089 24.829156671618325 3.8858433576523477 Track 3
-8.206724559966625 24.51479409011814 3.878174486696615 Track 3
-8.591919957739558 24.16857078789296 3.8693420629062194 Track 3
-8.973157954860612 23.832338838239348 3.859346086281161 Track 3
-9.329020892123973 23.52576510052017 3.8460974505955674 Track 3
-9.720195910603612 23.19808517284599 3.831685262075311 Track 3
-10.104254584123673 22.886120900192104 3.815871521276938 Track 3
-10.476598352645652 22.59339416100159 3.7998197810351115 Track 3
-10.881167173795967 22.2859976398362 3.7828689317846815 Track 3
-11.316095712840706 21.967492577356715 3.764490085873529 Track 3
-11.704539923901606 21.692697713850006 3.7500778973532727 Track 3
-12.119375315356429 21.409241736793877 3.73196349526818 Track 3
-12.537535832429361 21.133872518520203 3.7159117550263536 Track 3
-12.956624017125684 20.86756893245198 3.6994104602802254 Track 3
-13.384863786482615 20.604379375432593 3.6859238251511783 Track 3
-13.78178413654756 20.367810035876442 3.6722256349612836 Track 3
-14.232504810865867 20.1091572742966 3.6529212356589222 Track 3
-14.684539531796114 19.86040774725246 3.636393496530188 Track 3
-15.075726062479275 19.65231064922618 3.6245728575053175 Track 3
-15.56239283196578 19.40320571900791 3.6047924593160485 Track 3
-16.008024300966515 19.184191269446092 3.591993378134757 Track 3
-16.456765802332672 18.970603935769923 3.5796702958403728 Track 3
-16.91962105464536 18.756274160301714 3.570837872049977 Track 3
-17.32474648684317 18.572546324205522 3.5638829994246057 Track 3
-17.826906086380106 18.347130163455265 3.5631690010942445 Track 3
-18.29978262575499 18.135324572582345 3.5622434477030356 Track 3
-18.716354128722195 17.948850916199493 3.562719446589943 Track 3
-19.224031250182513 17.721876791104112 3.5613178943118267 Track 3
-19.658933291833222 17.52937483862395 3.5552885750776646 Track 3
-20.098855653009924 17.33854746532581 3.546456151287269 Track 3
-20.555312523766535 17.147579053744323 3.5292144138281736 Track 3
-21.012044589156382 16.9671441008009 3.506445800404429 Track 3
-21.47454176761323 16.79692966927662 3.4820376352591147 Track 3
-21.944918814471404 16.637223496303132 3.455778363331382 Track 3
-22.42283599371871 16.488715406439677 3.4299686459079504 Track 3
-22.90078807815585 16.352539843839875 3.408337140936263 Track 3
-23.386921410207513 16.225630137144446 3.3855685275125187 Track 3
-23.88992903525136 16.10314396329181 3.3753345514440065 Track 3
-24.330842298846903 16.000546378313864 3.3651005753754943 Track 3
-24.84164587248694 15.885502788781386 3.3611339179845983 Track 3
-25.33040707205333 15.776855457753266 3.359520810645634 Track 3
-25.8151204561615 15.669101194943387 3.3611603623672046 Track 3
-26.32230433184225 15.55486579041603 3.365100575375495 Track 3
-26.828493821160784 15.43726933983559 3.3746205531136457 Track 3
-27.36712937783966 15.306182934279823 3.386018082016821 Track 3
-27.877993976470265 15.175540672764775 3.3978916098069036 Track 3
-28.389330904284513 15.038100728099874 3.4104526915447417 Track 3
-28.93229027314796 14.885644392895019 3.4202106687263463 Track 3
-29.42393490071483 14.742589869981343 3.4292810919601955 Track 3
-29.95305576810032 14.584692099571837 3.433908858916241 Track 3
-30.489067731125104 14.422435122474992 3.437161517976776 Track 3
-30.954507390951694 14.278579996623431 3.4455443872628697 Track 3
-31.523696255606023 14.099537326479162 3.4471574946018344 Track 3
-32.00646042625253 13.946753736118545 3.4490350457668586 Track 3
-32.52176597268383 13.783274189694176 3.448559046879951 Track 3
-32.983925607411365 13.634816813190586 3.4562543622182895 Track 3
-33.51281589377838 13.462273849359306 3.4576294701138 Track 3
-33.97500880824396 13.30899770726395 3.465985895017288 Track 3
-34.472294151285205 13.138937195857391 3.4762198710858003 Track 3
-34.985444074099824 12.9560827475784 3.4915840573798715 Track 3
-35.470682162682934 12.775631623289494 3.503669140230802 Track 3
-35.95394974934306 12.589359707454857 3.5153046685774307 Track 3
-36.43833108161311 12.395776992058543 3.528288860436964 Track 3
-36.93334067568344 12.192399306323912 3.5345561791145803 Track 3
-37.38984793477673 12.001537466706143 3.5406383871139546 Track 3
-37.87209854320457 11.79760137064234 3.5427010489572206 Track 3
-38.36975685824609 11.585852991752049 3.5450545990091524 Track 3
-38.821195600361314 11.3925285852274 3.547355260295872 Track 3
-39.342509018591144 11.167852111401327 3.549682365965198 Track 3
-39.78984870072554 10.970042880166073 3.566183660711326 Track 3
-40.293637637662684 10.739245246131993 3.5761796373363848 Track 3
-40.734935693733 10.528312627764105 3.5987631400818874 Track 3
-41.21698457849401 10.278878717247878 3.6394346005298766 Track 3
-41.67788754007953 10.014811883258924 3.6843107178122154 Track 3
-42.1222822821695 9.730675817069917 3.7366177066068333 Track 3
-42.534102874686056 9.43318936170097 3.797730674809241 Track 3
-42.94151976083473 9.098226511260497 3.8616731919504876 Track 3
-43.31030264994706 8.754221491697566 3.922812604535501 Track 3
-43.667678093441914 8.376757691826384 3.985829568285539 Track 3
-44.01442309619662 7.959561709536358 4.052072746713505 Track 3
-44.33793635875614 7.50715258400611 4.131141450705369 Track 3
-44.58825545273515 7.087112132835813 4.218778134661569 Track 3
-44.80148913563293 6.651410663652541 4.295731288044956 Track 3
-44.99851331496622 6.158191048062377 4.368955783480899 Track 3
-45.1508008395679 5.675397064318665 4.444718939647017 Track 3
-45.26755768575909 5.170945851467632 4.525162751534392 Track 3
-45.34224126495165 4.652871810885718 4.6132754343775 Track 3
-45.373262345182816 4.137972846977295 4.691154141152095 Track 3
-45.36444821435715 3.6337757207197834 4.768583293422389 Track 3
-45.31068800839758 3.142354418873893 4.874122824402834 Track 3
-45.20493773785679 2.668872626755219 4.990134330895245 Track 3
-45.06707591393507 2.2460428215782877 5.064998378052759 Track 3
-44.91492828609143 1.8607351110995347 5.111937157178364 Track 3
-44.70650100130351 1.4055699420559145 5.171675017485261 Track 3
-44.43676061846369 0.9328970858073472 5.290251629090451 Track 3
-44.168479902389485 0.5611861070670598 5.384869630054629 Track 3
-43.92708358311617 0.2705166877090327 5.426017089389526 Track 3
-43.56701979561677 -0.11996031022976927 5.488558054252656 Track 3
-43.22881546810501 -0.44614587077623696 5.543192148716599 Track 3
-42.90332919791035 -0.7294193891362803 5.590844926172566 Track 3
-42.48876172839309 -1.051957727153189 5.653147891592242 Track 3
-42.07237563649039 -1.336497522711786 5.7142873041772555 Track 3
-41.687903800281255 -1.5678506661779927 5.768683399197745 Track 3
-41.28443322939321 -1.7815388137046664 5.823555493105143 Track 3
-40.86646160411271 -1.9737508047264332 5.880754692681866 Track 3
-40.4027824584764 -2.1572634500823424 5.931898128641821 Track 3
-39.87976493726723 -2.3154736302727543 6.046984081743023 Track 3
-39.412603217059136 -2.39067464832114 6.2001763901794344 Track 3
-38.95270917299178 -2.3949556601160347 6.347577378825138 Track 3
-38.47595454688424 -2.3304509722547806 6.48775905101941 Track 3
-38.02853991794315 -2.208465388439657 6.610963429580646 Track 3
-37.54582367466368 -2.021188038877847 6.695585453919764 Track 3
-37.12770837492913 -1.8246134515205799 6.7497435494968006 Track 3
-36.700747095331366 -1.6063257515078202 6.761855076730337 Track 3
-36.203325123185515 -1.3572353828189962 6.733030699689825 Track 3
-35.735661334452054 -1.1489365414770236 6.671388843835298 Track 3
-35.245023711520446 -0.9663518831048648 6.6074992154592636 Track 3
-34.68435750802204 -0.8001701541357431 6.535173829031923 Track 3
-34.21119378335217 -0.6930778274774616 6.476361522116235 Track 3
-33.709469521727875 -0.6000132504800404 6.45681912337042 Track 3
-33.10701693425312 -0.49383388446886656 6.458458675091991 Track 3
-32.641433068018976 -0.4057333767457198 6.481941286846096 Track 3
-32.109288197827226 -0.28163975826063403 6.542631144926808 Track 3
-31.572140682829335 -0.11684241705857362 6.619108299423287 Track 3
-31.09931296001991 0.07397424776864939 6.71441385433522 Track 3
-30.6407330335551 0.30587845609261266 6.788352348101525 Track 3
-30.19578470669961 0.5712086124811528 6.853431973694828 Track 3
-29.815484242832312 0.8300944682230957 6.908304067602225 Track 3
-29.35733960016355 1.165275440260973 6.921314703844365 Track 3
-28.8902337896613 1.511106752831684 6.919675152122794 Track 3
-28.509461230960493 1.7864946624632023 6.898995644924922 Track 3
-28.08858798834573 2.0714959673902023 6.857848185590025 Track 3
-27.631598371571478 2.349432777577653 6.801362984343663 Track 3
-27.1713016396483 2.5947001916312846 6.74416378476694 Track 3
-26.61921810241083 2.84925844547651 6.6862770312424615 Track 3
-26.1526469313759 3.0361599007362914 6.6421149122904835 Track 3
-25.658475728112045 3.215039988801985 6.6188702999798315 Track 3
-25.177783453721318 3.3796816498473548 6.607472771076656 Track 3
-24.672091337094436 3.5494119107042352 6.606547217685447 Track 3
-24.19232723491917 3.710686779023627 6.608398324467865 Track 3
-23.69458750178721 3.8794191565990506 6.6116509835284 Track 3
-23.188502316712878 4.053416330156651 6.617019193197413 Track 3
-22.625260578616167 4.249708175377336 6.620033852814494 Track 3
-22.13465326951415 4.42106503009119 6.618394301092923 Track 3
-21.58730723973401 4.61059248165439 6.614665643145481 Track 3
-21.085086057535015 4.777600232487566 6.593774580886762 Track 3
-20.580634898436635 4.931855603186149 6.566113756680912 Track 3
-20.070314768217372 5.072145363604394 6.536813380753492 Track 3
-19.592907828489455 5.187167956239138 6.50240923898312 Track 3
-19.026230493461966 5.30597534773113 6.477287075507443 Track 3
-18.525983269443067 5.397384558853471 6.450551804692803 Track 3
-18.051040828732926 5.475185159140506 6.440555828067745 Track 3
-17.489726195429274 5.5613138462153655 6.430321851999232 Track 3
-16.98887877532286 5.634352530260442 6.42566764066058 Track 3
-16.48190656856522 5.706183952622092 6.422203426539197 Track 3
-15.923314798961197 5.783807889332008 6.420325875374173 Track 3
-15.421622473471365 5.850788447320438 6.411493451583778 Track 3
-14.894132709611458 5.915541886963663 6.3991703692893935 Track 3
-14.281838697631594 5.9797492490826185 6.376163756422195 Track 3
-13.79069145982344 6.020423124054916 6.355457804841717 Track 3
-13.277628343902093 6.0512178581407525 6.330811640252949 Track 3
-12.760045473619744 6.069744491206321 6.307117473437995 Track 3
-12.263328554091261 6.075688530863148 6.283185307179588 Track 3
-11.737790826846393 6.071289862840276 6.266446012990006 Track 3
-11.181832983651654 6.0586219309688545 6.254360930139075 Track 3
-10.610528711156842 6.0404108812009625 6.248278722139701 Track 3
-10.12566586081077 6.022297941513823 6.243412955740202 Track 3
-9.581356427859015 6.000126240600956 6.241535404575178 Track 3
-9.037275235591103 5.97771162611771 6.242487402348993 Track 3
-8.51977764669482 5.9566389228337036 6.242487402348993 Track 3
-7.989005905226882 5.934470328479985 6.240398296123121 Track 3
-7.400747309173621 5.908529233056565 6.237833191010341 Track 3
-6.85857004220366 5.882601555218613 6.232967424610842 Track 3
-6.337538628945814 5.853374625806743 6.221331896264213 Track 3
-5.821112326230722 5.817049862787736 6.204592602074632 Track 3
-5.27467573976973 5.769927138913755 6.189730859050074 Track 3
-4.686551275198264 5.713830838647321 6.1864517556069325 Track 3
-4.14454181237759 5.66136639611018 6.18692775449384 Track 3
