0 0 0
0.0 0.0 0.0
0.0 0.0 0.0
0.0 0.0 0.0
0.0 0.0 0.0
0.0 0.0 0.0
0.0 0.0 0.0
0.0 0.0 0.0
0.0 0.0 0.0
0.0 0.0 0.0
0.0 0.0 0.0
0.0 0.0 0.0
0.0 0.0 0.0
-0.0019634953899571573 2.336554061066476e-07 -0.00023799944345379105
0.0 0.0 0.0
0.0 0.0 0.0
0.0 0.0 0.0
0.0 0.0 0.0
-0.0019634953899571573 2.336554061066476e-07 -0.00023799944345379105
0.0 0.0 0.0
-0.0019634953899571573 2.336554061066476e-07 -0.00023799944345379105
0.0 0.0 0.0
-0.0019634953899571573 2.336554061066476e-07 -0.00023799944345379105
0.0 0.0 0.0
0.0 0.0 0.0
-0.0019634953899571573 2.336554061066476e-07 -0.00023799944345379105
0.0 0.0 0.0
-0.0019634953899571573 2.336554061066476e-07 -0.00023799944345379105
-0.003926990779914037 4.673108122132952e-07 -3.3637372401362775e-17
-0.003926990779914037 4.673108122132952e-07 -3.3637372401362775e-17
3.707323770890669e-11 4.673108122132952e-07 5.749556975302851e-21
-0.0019634953528839196 7.009662183199428e-07 -0.00023799944345379105
-0.0019634953528839196 7.009662183199428e-07 -0.00023799944345379105
-0.0019634953528839196 7.009662183199428e-07 -0.00023799944345379105
-0.0019634953528839196 7.009662183199428e-07 -0.00023799944345379105
-0.0019634953528839196 7.009662183199428e-07 -0.00023799944345379105
-0.003926990742840799 9.346216244265904e-07 -3.3637372401362775e-17
-0.0019634953528839196 7.009662183199428e-07 -0.00023799944345379105
-0.0019634953528839196 7.009662183199428e-07 -0.00023799944345379105
-0.0019634953528839196 7.009662183199428e-07 -0.00023799944345379105
-0.0019634953528839196 7.009662183199428e-07 -0.00023799944345379105
-0.0019634953528839196 7.009662183199428e-07 -0.00023799944345379105
-0.0019634953528839196 7.009662183199428e-07 -0.00023799944345379105
-0.0019634953528839196 7.009662183199428e-07 -0.00023799944345379105
-0.003926990742840799 9.346216244265904e-07 -3.3637372401362775e-17
-0.0019634953528839196 7.009662183199428e-07 -0.00023799944345379105
-0.0019634953528839196 7.009662183199428e-07 -0.00023799944345379105
-0.0019634953528839196 7.009662183199428e-07 -0.00023799944345379105
-0.0019634953528839196 7.009662183199428e-07 -0.00023799944345379105
-0.0019634953528839196 7.009662183199428e-07 -0.00023799944345379105
-0.0019634953528839196 7.009662183199428e-07 -0.00023799944345379105
-0.003926990742840799 9.346216244265904e-07 -3.3637372401362775e-17
-0.0019634953528839196 7.009662183199428e-07 -0.00023799944345379105
-0.0019634953528839196 7.009662183199428e-07 -0.00023799944345379105
-0.0019634953528839196 7.009662183199428e-07 -0.00023799944345379105
-0.0019634953528839196 7.009662183199428e-07 -0.00023799944345379105
-0.0019634953528839196 7.009662183199428e-07 -0.00023799944345379105
-0.0019634953528839196 7.009662183199428e-07 -0.00023799944345379105
-0.003926990742840799 9.346216244265904e-07 -3.3637372401362775e-17
-0.0019634953528839196 7.009662183199428e-07 -0.00023799944345379105
-0.0039269906316208095 1.4019324238168096e-06 -0.0004759988869075148
-0.0039269906316208095 1.4019324238168096e-06 -0.0004759988869075148
-0.0019634953528839196 7.009662183199428e-07 -0.00023799944345379105
-0.0019634953528839196 7.009662183199428e-07 -0.00023799944345379105
-0.0019634953528839196 7.009662183199428e-07 -0.00023799944345379105
-0.0019634953528839196 7.009662183199428e-07 -0.00023799944345379105
-0.0019634953528839196 7.009662183199428e-07 -0.00023799944345379105
-0.0039269906316208095 1.4019324238168096e-06 -0.0004759988869075148
-0.003926990631621087 1.4019324238168757e-06 -3.366447745567491e-17
-0.0019634952416642073 1.168277017710228e-06 -0.00023799944345379107
-0.0019634952416642073 1.168277017710228e-06 -0.00023799944345379107
-0.0019634952416642073 1.168277017710228e-06 -0.00023799944345379107
-0.0019634952416642073 1.168277017710228e-06 -0.00023799944345379107
-0.0019634952416642073 1.168277017710228e-06 -0.00023799944345379107
-0.0019634952416642073 1.168277017710228e-06 -0.00023799944345379107
-0.0019634952416642073 1.168277017710228e-06 -0.00023799944345379107
-0.0019634952416642073 1.168277017710228e-06 -0.00023799944345379107
-0.0019634952416642073 1.168277017710228e-06 -0.00023799944345379107
-0.0019634952416642073 1.168277017710228e-06 -0.00023799944345379107
-0.0019634952416642073 1.168277017710228e-06 -0.00023799944345379107
-0.0019634952416642073 1.168277017710228e-06 -0.00023799944345379107
-0.0019634952416642073 1.168277017710228e-06 -0.00023799944345379107
-0.0019634952416642073 1.168277017710228e-06 -0.00023799944345379107
-0.0019634952416642073 1.168277017710228e-06 -0.00023799944345379107
-0.0019634952416642073 1.168277017710228e-06 -0.00023799944345379107
-0.0019634952416642073 1.168277017710228e-06 -0.00023799944345379107
-0.0019634952416642073 1.168277017710228e-06 -0.00023799944345379107
-0.0019634952416642073 1.168277017710228e-06 -0.00023799944345379107
-0.0019634952416642073 1.168277017710228e-06 -0.00023799944345379107
-0.0019634952416642073 1.168277017710228e-06 -0.00023799944345379107
-0.0019634952416642073 1.168277017710228e-06 -0.00023799944345379107
-0.003926990520401097 1.869243223207095e-06 -0.0004759988869075148
-0.003926990520401097 1.869243223207095e-06 -0.0004759988869075148
-0.0019634952416642073 1.168277017710228e-06 -0.00023799944345379105
-0.003926990520401097 1.869243223207095e-06 -0.0004759988869075148
-0.003926990520401097 1.869243223207095e-06 -0.0004759988869075148
-0.0019634952416642073 1.168277017710228e-06 -0.00023799944345379105
-0.0019634952416642073 1.168277017710228e-06 -0.00023799944345379105
-0.0019634952416642073 1.168277017710228e-06 -0.00023799944345379105
-0.0019634952416642073 1.168277017710228e-06 -0.00023799944345379105
-0.0019634952416642073 1.168277017710228e-06 -0.00023799944345379105
-0.003926990520401097 1.869243223207095e-06 -0.0004759988869075148
-0.003926990520401097 1.869243223207095e-06 -0.0004759988869075148
-0.003926990520401097 1.869243223207095e-06 -0.0004759988869075148
-0.003926990520401097 1.869243223207095e-06 -0.0004759988869075148
-0.0019634952416642073 1.168277017710228e-06 -0.00023799944345379105
-0.003926990520401097 1.869243223207095e-06 -0.0004759988869075148
-0.003926990520401097 1.869243223207095e-06 -0.0004759988869075148
-0.003926990520401097 1.869243223207095e-06 -0.0004759988869075148
-0.003926990520401097 1.869243223207095e-06 -0.0004759988869075148
-0.003926990520401097 1.869243223207095e-06 -0.0004759988869075148
-0.003926990520401097 1.869243223207095e-06 -0.0004759988869075148
-0.003926990520401097 1.869243223207095e-06 -0.0004759988869075148
-0.005890485799138265 2.5702094287039618e-06 -0.0002379994434537574
-0.003926990520401097 1.869243223207095e-06 -0.0004759988869075148
-0.003926990520401097 1.869243223207095e-06 -0.0004759988869075148
-0.003926990520401097 1.869243223207095e-06 -0.0004759988869075148
-0.003926990520401097 1.869243223207095e-06 -0.0004759988869075148
-0.003926990520401097 1.869243223207095e-06 -0.0004759988869075148
-0.003926990520401097 1.869243223207095e-06 -0.0004759988869075148
-0.005890485576699124 3.037520186877151e-06 -0.0007139983303613059
-0.005890485576699124 3.037520186877151e-06 -0.0007139983303613059
-0.007635814238979708 4.468298814286408e-06 -0.0009255533912090903
-0.011558970103997267 4.468298814286408e-06 -0.0009255533912091239
-0.013522464436680703 6.519273677563286e-06 -0.001163552834662915
-0.0174494513596053 1.2023154749879538e-05 -0.0016395517215704297
-0.01919477795005702 1.5069327395173037e-05 -0.001851106782418214
-0.02312176016056424 2.3273222315323207e-05 -0.002327105669325796
-0.027070226708581915 2.3273222315323207e-05 -0.0023271056693257622
-0.02903371623822398 2.8076134218180183e-05 -0.0025651051127795195
-0.0307790392617148 3.2737698272777905e-05 -0.0027766601736273376
-0.03274252643377638 3.842330522302324e-05 -0.003014659617081095
-0.03274252643377638 3.842330522302324e-05 -0.003014659617081095
-0.03274252643377638 3.842330522302324e-05 -0.003014659617081095
-0.03274252643377638 3.842330522302324e-05 -0.003014659617081095
-0.030779039261714797 3.2737698272777905e-05 -0.0027766601736273376
-0.030779039261714797 3.2737698272777905e-05 -0.0027766601736273376
-0.030779039261714797 3.2737698272777905e-05 -0.0027766601736273376
-0.030779039261714797 3.2737698272777905e-05 -0.0027766601736273376
-0.030779039261714797 3.2737698272777905e-05 -0.0027766601736273376
-0.030779039261714797 3.2737698272777905e-05 -0.0027766601736273376
-0.030779039261714797 3.2737698272777905e-05 -0.0027766601736273376
-0.030779039261714797 3.2737698272777905e-05 -0.0027766601736273376
-0.030779039261714797 3.2737698272777905e-05 -0.0027766601736273376
-0.03274252643377638 3.842330522302324e-05 -0.003014659617081095
-0.03274252643377638 3.842330522302324e-05 -0.003014659617081095
-0.03274252643377638 3.842330522302324e-05 -0.003014659617081095
-0.03274252643377638 3.842330522302324e-05 -0.003014659617081095
-0.03274252643377638 3.842330522302324e-05 -0.003014659617081095
-0.03274252643377638 3.842330522302324e-05 -0.003014659617081095
-0.03274252643377638 3.842330522302324e-05 -0.003014659617081095
-0.03274252643377638 3.842330522302324e-05 -0.003014659617081095
-0.030779039261714797 3.2737698272777905e-05 -0.0027766601736273376
-0.030779039261714797 3.2737698272777905e-05 -0.0027766601736273376
-0.030779039261714797 3.2737698272777905e-05 -0.0027766601736273376
-0.029033716238223976 2.8076134218180183e-05 -0.0025651051127795195
-0.029033716238223976 2.8076134218180183e-05 -0.0025651051127795195
-0.02707022670858191 2.3273222315323207e-05 -0.0023271056693257622
-0.02707022670858191 2.3273222315323207e-05 -0.0023271056693257622
-0.02314324449807497 1.5069327395173039e-05 -0.001851106782418214
-0.02314324449807497 1.5069327395173039e-05 -0.001851106782418214
-0.019216260409191638 7.800052210833597e-06 -0.001851106782418214
-0.019216260409191638 7.800052210833597e-06 -0.001851106782418214
-0.01747093381873992 4.7538795655400985e-06 -0.0016395517215704297
-0.019216260409191638 7.800052210833597e-06 -0.001851106782418214
-0.019216260409191638 7.800052210833597e-06 -0.001851106782418214
-0.019216260409191638 7.800052210833597e-06 -0.001851106782418214
-0.01747093381873992 4.7538795655400985e-06 -0.0016395517215704297
-0.01747093381873992 4.7538795655400985e-06 -0.0016395517215704297
-0.015507440684757779 1.7682838527167906e-06 -0.0014015522781166722
-0.009616961282811077 -7.188503285752288e-06 -0.0016395517215704633
-0.00023582446832381455 -1.9220310886881453e-05 -0.0009255533912090902
0.0036936590674434963 -1.9220310886881453e-05 -0.0009255533912091575
0.007616814932461057 -1.9220310886881453e-05 -0.0009255533912091239
0.01328913308487323 -2.3870341425961027e-05 -0.0007139983303613059
0.022888442318362224 -2.9454993789782793e-05 -0.00044955450430157545
0.028560762041581388 -3.140500677538919e-05 -0.0002379994434537911
0.04012356823766481 -3.155789241229449e-05 0.00021155506084781796
0.04972287905203013 -3.054250101928624e-05 -5.421010862427522e-20
0.0610675191899934 -3.054250101928624e-05 -3.3697332066962353e-17
0.07284849164095494 -3.054250101928664e-05 -3.3697332066962353e-17
0.08048430686123118 -3.2258858610976394e-05 -0.00044955450430154184
0.09008361609472045 -3.7843510974797607e-05 -0.000713998330361306
0.10339174699260538 -4.892916065495227e-05 -0.0009519977738150971
0.11102755910513787 -5.609747671610411e-05 -0.000925553391209124
0.12259036030411534 -6.69523553229909e-05 -0.0009519977738150971
0.1341531615030931 -7.780723392986415e-05 -0.0009255533912090904
0.14550500282864365 -7.780723392986415e-05 -0.0009255533912091577
0.1590312999613193 -8.889576829228328e-05 -0.000713998330361306
0.17059410341627168 -9.69987063772088e-05 -0.0006875539477553329
0.18412040280492203 -0.00010486798925776347 -0.0004759988869075822
0.20310085638735853 -0.00011365170152127977 -0.0004495545043015419
0.2185906518396917 -0.00012082001842599757 -0.0004759988869075486
0.23582577511163944 -0.00013107489399598934 -0.0007139983303613396
0.2530608954548025 -0.000145431718991602 -0.0009519977738150971
0.2740048347227048 -0.0001675857089871024 -0.0011635528346628813
0.29320344349856686 -0.00018992431473092045 -0.0011635528346628813
0.3104385556459518 -0.00021202926399758218 -0.0014015522781166388
0.3296371585614977 -0.00023893712726933414 -0.0014015522781166388
0.3547262374957159 -0.000277086405822074 -0.0016395517215704299
0.3756701565811376 -0.0003136404775655979 -0.0018511067824182141
0.3987731855640186 -0.0003136404775655979 -0.0018511067824182477
0.42364408947795695 -0.0003570484377610258 -0.0016395517215704297
0.45047849123875344 -0.00040069005628577084 -0.0016131073389644567
0.4735815202216344 -0.00040069005628577084 -0.0016131073389644903
0.5023794089338819 -0.0004509519048787041 -0.0018775511650242543
0.5292137995479977 -0.0005009800946897073 -0.0018511067824182477
0.563650389918707 -0.0005009800946897073 -0.0018511067824182141
0.5904847805328226 -0.0005510082845007737 -0.0018775511650241871
0.6192826564973757 -0.0006081240131683816 -0.002089106225872039
0.6499929518708463 -0.0006081240131683816 -0.002089106225872005
0.6866447940075503 -0.0006808167587453604 -0.0018775511650242207
0.7191515009856115 -0.0007379815341312116 -0.0016395517215704297
0.7536217195312852 -0.000786293379099324 -0.0011635528346629147
0.7939824363697752 -0.0008284523068444626 -0.0009255533912091573
0.8244958708754665 -0.0008284523068444626 -0.0009255533912091237
0.8572207832932299 -0.000855279406108384 -0.0007139983303613057
0.8936545187021933 -0.0008856286437573318 -0.0009519977738150967
0.9320517520962407 -0.0009130442089443357 -0.00047599888690758193
0.9665438853546446 -0.0009130442089443357 -0.00047599888690754826
1.001014134176485 -0.0009294520102541569 -0.00047599888690754826
1.0374478799041655 -0.0009424588276228199 -0.00023799944345375722
1.0817356092554182 -0.0009477290551161138 3.382710778154774e-17
1.1201328527992935 -0.0009477290551161138 1.8398582320966042e-19
1.1583119289006751 -0.0009391472671576662 0.00044955450430157556
1.200417995686771 -0.0009296827810092074 -3.350184712980209e-17
1.2503780383920706 -0.0009065624358830821 0.0009255533912090568
1.2887752555813015 -0.0008618852248160059 0.0014015522781166724
1.3328447300323427 -0.0007744808569390242 0.00256510511277952
1.3845499543129203 -0.0006480041768304318 0.002327105669325796
1.4249105724222315 -0.0005492776543828107 0.0025651051127795533
1.468979978765371 -0.0004315731620042093 0.0027766601736273376
1.5226486088817186 -0.0002697800199592745 0.0032526590605348525
1.5708630926245024 -0.00011869175817165627 0.0030146596170811625
1.6166332443830402 -0.00011869175817165627 0.0030146596170810953
1.664847728125824 3.239650361587648e-05 0.0032526590605349197
1.7163347222136942 0.00018216652083920986 0.002565105112779486
1.7758937872983305 0.0003688049522675704 0.003702213564836394
1.8256352843827774 0.0005647980604143283 0.004178212451743976
1.8738495596887152 0.0007719863065236485 0.004416211895197733
1.9392186169836738 0.0007719863065236485 0.004416211895197801
1.9909234642110345 0.0010064803380191792 0.0046542113386514915
2.050482212283056 0.0012765937160709117 0.004416211895197734
2.110040960355078 0.0015467070941226442 0.0046542113386514915
2.1809441533293334 0.001885145569310865 0.004892210782105316
2.2461750577175206 0.002203408932781986 0.004865766399499343
2.315332983950051 0.0025243724222716 0.004416211895197801
2.3803457938232713 0.002826957963972253 0.0048922107821053155
2.457139448438618 0.0031843744427595974 0.004416211895197801
2.5204070459498205 0.003457086958247527 0.004204656834350016
2.587383558793486 0.003714790923268312 0.0034906585039886093
2.6547965178127915 0.003942085279895461 0.003252659060534852
2.729409072997214 0.004141367132365455 0.0020891062258719707
2.806203392505446 0.004301798856755964 0.0020891062258719707
2.877107255599871 0.004441487199333473 0.001851106782418146
2.948011149931913 0.004564300458155691 0.001613107338964456
3.0287325704751047 0.004658224138238917 0.0007139983303612379
3.0977168369919124 0.004658224138238917 0.0007139983303613052
3.1686208251360015 0.004700411917482548 0.00047599888690748055
3.243451811870101 0.004727126518425382 0.00023799944345379045
3.3278820984839945 0.004688054146588342 -0.0011635528346628482
3.412312377304271 0.004628887412092248 -0.00023799944345379161
3.49281568836757 0.004627822981903228 0.00021155506084781744
3.5676466757819547 0.004652558723589357 0.00044955450430157485
3.656003966188011 0.004672419432864621 -3.4206578541917665e-17
3.7480700316518174 0.00475763151630271 0.0018511067824182135
3.837954410648201 0.004871724549189225 0.0006875539477553996
3.9263116986444966 0.004891585257923333 -0.0002379994434537915
4.016632477002978 0.0049226354630093 0.0009255533912090898
4.096968584845337 0.0049226354630093 0.0009255533912091572
4.179653512854999 0.005009004293362878 0.0011635528346628473
4.273464851730075 0.005150409027923328 0.0018511067824182811
4.356149664384803 0.005313307125882945 0.002089106225872106
4.440361655718058 0.0054691926922526305 0.0016131073389645911
4.526537118467259 0.005638967751567398 0.0023271056693259305
4.622529910614876 0.005885199893524778 0.0028031045562334454
4.704996368717708 0.006125085772880122 0.0030146596170812297
4.787680935860311 0.006384191886986344 0.003252659060535054
4.8738560776487425 0.006674746161639251 0.003490658503988744
4.967885227426025 0.006969402449448344 0.0027766601736275392
5.067586634254331 0.00729237999240839 0.0037022135648365957
5.150052907930491 0.00758896594938621 0.0034906585039888114
5.230555663348984 0.007888070141670455 0.003940213008290353
5.332220344700898 0.008277898713274725 0.003728657947442502
5.418395414896933 0.008588962615261741 0.003490658503988812
5.50282532741745 0.008844607192718231 0.0025651051127796205
5.591182422385832 0.009030363097994293 0.001639551721570564
5.69284769627965 0.009207802654582594 0.0018511067824184158
5.773350900886484 0.009338727508944059 0.0014015522781168068
5.853854135048914 0.009450492642885798 0.0013751078955108339
5.932393887970547 0.00955018558967985 0.0011635528346630496
6.028293253559864 0.00955018558967985 0.0011635528346629824
6.112723500260991 0.009647308332440048 0.0011371084520570094
6.1914813599655965 0.009783725513747645 0.002327105669325931
6.279620248536187 0.009988834391278779 0.002327105669325931
6.358159832294113 0.010179912402078911 0.002538660730173715
6.438662715054819 0.010440697320799584 0.0039402130082902866
6.511529645682225 0.010727810034568366 0.0039402130082902866
6.590505282027269 0.011011842083561697 0.0032526590605350546
6.674716829860598 0.011325839595818099 0.004204656834350084
6.745838336028363 0.011632406078745907 0.004416211895197869
6.815155859871339 0.011632406078745907 0.004416211895197936
6.891731645988145 0.011916919801726489 0.003014659617081264
6.966562145742479 0.012187033503858663 0.004204656834350085
7.037465554652377 0.012476722132668708 0.003966657390896294
7.10662368579843 0.012750135746958583 0.003940213008290354
7.183199540994867 0.01301642447986783 0.003014659617081264
7.259993557324389 0.01328448725477608 0.003966657390896328
7.325224664570078 0.013557900778619042 0.004416211895197903
7.390237545230965 0.01384501330204874 0.004416211895197903
7.459613776772005 0.014134883623326822 0.003940213008290355
7.528553607352694 0.014439338502439815 0.004892210782105452
7.591821075805228 0.01474049322252227 0.004627766956045721
7.653125105566805 0.015025006602123763 0.0046542113386516945
7.724246678803543 0.01531464618183171 0.0034906585039887793
7.793186704370903 0.015571701147328039 0.003966657390896328
7.850782116569958 0.015800163613048115 0.003966657390896328
7.912086327459676 0.016042527100794027 0.003940213008290388
7.9773176115158995 0.016269365651050034 0.0030146596170812306
8.046475862505273 0.016509860033762935 0.003940213008290354
8.111488872466253 0.016766026467005746 0.003940213008290354
8.180647003612307 0.017039440081295272 0.003966657390896328
8.25722290989558 0.01728952878711276 0.002565105112779689
8.339907472778647 0.017548634887886928 0.003702213564836597
8.41317346316964 0.017548634887886928 0.003702213564836563
8.48800390834419 0.01783457937100993 0.00394021300829032
8.581814665814841 0.018194292430644944 0.0037286579474425695
8.658608684319313 0.018462355213147704 0.003252659060535021
8.741075082993836 0.01872186805660274 0.0030411039996871697
8.829213916924028 0.018947953926016826 0.00208910622587214
8.9310973140474 0.019148675329043612 0.0018511067824183488
9.011600518654234 0.019279600183405087 0.0014015522781167735
9.09777610162823 0.019369615189604984 0.0006875539477555013
9.182206394441593 0.01940868756430411 0.00023799944345389223
9.289544136345897 0.019383141240992163 -0.000713998330361171
9.377901365395754 0.01927916461247742 -0.0016395517215702948
9.469749156889572 0.019107929915243297 -0.002089106225871887
9.561815024774841 0.018893682525385865 -0.0025651051127794184
9.667406915730771 0.0185613962571523 -0.0037286579474422998
9.755545176528104 0.018172156490948686 -0.005103765842952966
9.845864500400376 0.017658636624900224 -0.006267318677615881
9.928329227302871 0.0170741915242682 -0.007906870399186293
10.035663200823564 0.01617440377741435 -0.008858868173001373
10.120090019419306 0.015407479399149528 -0.009308422677302964
10.206479791285357 0.014573602177070393 -0.009995976625058314
10.286978697252076 0.013731653277750973 -0.010921530016267405
10.37336766031749 0.012817818077935745 -0.010233976068512089
10.44993998155422 0.012035163975674114 -0.010207531685906115
10.530439088495395 0.01121237376560367 -0.010233976068512072
10.611156339284651 0.01038628651262823 -0.010233976068512072
10.697326938390209 0.0094553897947843 -0.011371084520568987
10.78153426231502 0.008555724046291057 -0.009995976625058297
10.858324727205794 0.007769824829267829 -0.010471975511965853
10.940786709281042 0.006877901662166988 -0.011159529459721186
11.025212178599316 0.005974788844729048 -0.010233976068512078
11.102002828358815 0.0052071657376949135 -0.009757977181604522
11.180538986001158 0.004449095522266555 -0.00954642212075673
11.26300195152562 0.0036531217960668423 -0.00975797718160454
11.347647106397712 0.0029054804747390994 -0.007906870399186305
11.426184674947446 0.002311482180713908 -0.00721931645143096
11.504722518660502 0.0017548677384423917 -0.0069548726253712174
11.589150771502528 0.0011665541456508653 -0.006981317007977191
11.675324869016368 0.0006549528643340617 -0.004892210782105191
11.752118523631715 0.0002975363855467383 -0.004416211895197646
11.832839214385167 -5.8945606631053684e-05 -0.004416211895197646
11.915304986886328 -0.00047111200573722345 -0.005579764729860534
11.999515921029142 -0.0009209513291170541 -0.00510376584295299
12.074345982837466 -0.0012939647756167745 -0.004865766399499216
12.149176131303454 -0.001649168698668677 -0.004627766956045444
12.23338716773775 -0.002078965841879676 -0.005579764729860533
12.316071011586633 -0.002510808100788538 -0.004865766399499219
12.388937558129767 -0.0028827051212375453 -0.005341765286406759
12.463767529041771 -0.0032735280700312906 -0.005103765842952988
12.54405152843181 -0.0037023904301447005 -0.005579764729860537
12.617136314994054 -0.004058973099377978 -0.004178212451743877
12.6880397315398 -0.00434678673118594 -0.003940213008290103
12.759161375575689 -0.004619499422909175 -0.0037286579474423097
12.831810064941552 -0.004924003439482676 -0.004654211338651417
12.90664036411661 -0.005245567091374196 -0.003940213008290111
12.973834982916573 -0.00551921431627387 -0.00420465683434985
13.039066090709657 -0.005792627842468777 -0.004178212451743869
13.106260578572543 -0.006096482677168199 -0.004865766399499218
13.17149162473745 -0.006383696157811549 -0.003940213008290111
13.230832382951444 -0.00661123558158062 -0.00372865794744231
13.290391403873079 -0.0068120490384837125 -0.003014659617080996
13.359708927716055 -0.0068120490384837125 -0.003014659617080979
13.415341064257802 -0.006973141235407317 -0.002776660173627188
13.47325190696206 -0.006973141235407317 -0.0027766601736272218
13.530847550250513 -0.007133065175297103 -0.0027766601736272218
13.594115547149519 -0.007286989125721581 -0.0020891062258718554
13.651493146111216 -0.007393959969836972 -0.0016395517215703136
13.703416646744659 -0.0074612411684314055 -0.0009519977738149472
13.762976000159359 -0.007482503808781234 0.00023799944345389017
13.833661821510525 -0.007441380460239286 0.0009255533912092398
13.887330673021657 -0.007391707058536628 0.0009255533912092398
13.946890001113049 -0.007329494154350563 0.001163552834663014
13.998595337555203 -0.007263179306550588 0.0014015522781168051
14.071680929545485 -0.007161712315031794 0.0013751078955107985
14.127095088551304 -0.007091373402571547 0.0011635528346630143
14.192544906849431 -0.007030796083989383 0.000687553947755449
14.255594905420992 -0.0069799428652418585 0.0009255533912092401
14.317117735202045 -0.006923000185241251 0.0009255533912092401
14.37275007462807 -0.006864889230781743 0.0011635528346630312
14.420746590302402 -0.006803965763296491 0.0013751078955108154
14.482051221195743 -0.006718854645037334 0.0014015522781167884
14.530047721010972 -0.006646508035369094 0.0016131073389646065
14.580061630619195 -0.006646508035369094 0.0016131073389645896
14.626094628761699 -0.006571643145054191 0.001639551721570529
14.687557403980307 -0.006571643145054191 0.0016395517215705626
14.731626900389216 -0.006494727285760537 0.0018511067824183807
14.777659859837962 -0.006399168062908795 0.0023006612867199224
14.825656272084126 -0.006282398167525615 0.0025651051127796526
14.879618648240367 -0.006282398167525615 0.0025651051127796864
14.918225876709872 -0.006282398167525615 0.0025651051127796526
14.962295283053011 -0.006164693675147014 0.002776660173627437
15.004401187391151 -0.006047222850481767 0.002803104556233477
15.054361007790389 -0.005895949956851058 0.003252659060534985
15.096916702807912 -0.005895949956851058 0.003252659060535019
15.140767850907848 -0.0057480982879771075 0.00349065850398881
15.188764094846354 -0.005575482122540278 0.0037022135648365944
15.24068730419801 -0.005388742816294983 0.00349065850398881
15.290701213806233 -0.005388742816294983 0.0034906585039887763
15.33477049233159 -0.005230249791666649 0.0037022135648365944
15.382766693777857 -0.005046210552064995 0.003966657390896325
15.43643519469422 -0.004846098142216575 0.00349065850398881
15.480722672625996 -0.004696775312458329 0.0032526590605349856
15.5245738546726 -0.004559360196533882 0.0030146596170812284
15.572570236962706 -0.004431167187314887 0.002327105669325862
15.620566649259217 -0.004314397291825935 0.00253866073017368
15.662890747234576 -0.0042069505355315446 0.00253866073017368
15.703033176732752 -0.004099734562385364 0.002803104556233478
15.74710255381416 -0.003971541579237779 0.003014659617081229
15.795317037556945 -0.0038204533174502255 0.00325265906053502
15.833714077983595 -0.0036955603955614418 0.00325265906053502
15.873638257596971 -0.0035609491746463537 0.003490658503988811
15.916193952614494 -0.0035609491746463537 0.003490658503988777
15.96026323113985 -0.003402456150017993 0.0037022135648365614
15.996914908329254 -0.003270640169138939 0.0034906585039888105
16.03138497838685 -0.0031585203880490314 0.0030146596170812284
16.065855074478055 -0.0030546044665638347 0.0030146596170812284
16.104034002961683 -0.002948089470925738 0.0025651051127796864
16.138504162027733 -0.002867873623538367 0.0020891062258721043
16.167520190036324 -0.00280380305538174 0.002327105669325929
16.20002685002707 -0.0027242881805455365 0.002565105112779653
16.23646046683455 -0.0026264962987016262 0.002803104556233444
16.269185251795992 -0.0025313034894336346 0.0030146596170812284
16.299728351847026 -0.002431956847961562 0.0034906585039888105
16.334387113768514 -0.002431956847961562 0.0034906585039887767
16.378674554907235 -0.0022720936274467597 0.003728657947442534
16.414889835860443 -0.0021246084372691723 0.004416211895197934
16.449987316287267 -0.0021246084372691723 0.0044162118951979
16.482493739227674 -0.001977183919577954 0.004654211338651691
16.520890566897837 -0.0017984756784915918 0.004654211338651691
16.55339695383065 -0.001643314654482159 0.004892210782105414
16.58410724920412 -0.001643314654482159 0.004892210782105448
16.61879525521657 -0.001474070926081126 0.004865766399499475
16.655010426851526 -0.0013016858102614945 0.004654211338651657
16.687953177616638 -0.0011522824399837748 0.004416211895197934
16.720459600557046 -0.0010048579222925148 0.004654211338651657
16.752966023497454 -0.0008574334046012744 0.0044162118951979
16.79157325196696 -0.0008574334046012744 0.004416211895197866
16.822116216035834 -0.0007225483264799396 0.004416211895197866
16.85484083543818 -0.0005814901288137694 0.004204656834350081
16.885601961478176 -0.0004452348574868377 0.00465421133865169
16.924209189947682 -0.0004452348574868377 0.004654211338651656
16.952788662465757 -0.0003156200130737546 0.004416211895197865
16.979989209796546 -0.0003156200130737546 0.004416211895197899
17.00856871235346 -0.00019280707080985787 0.004178212451744142
17.035621079624853 -7.97758752807679e-05 0.004178212451744142
17.05678300136547 1.1161952197067746e-05 0.004416211895197933
17.077726738215688 0.00010586995430283168 0.004627766956045718
17.098670475065905 0.00020057795640859562 0.004416211895197933
17.119832374564023 0.00029655230685188483 0.00465421133865169
17.139030788399104 0.00038590642739506475 0.00465421133865169
17.156265718383615 0.0004681730105946858 0.004892210782105447
17.1735006283006 0.0005545414951736703 0.005130210225559272
17.19095368154258 0.0006459263033777075 0.005341765286407057
17.204261618634124 0.0007185985429421878 0.0055797647298607474
17.221496465094386 0.0008168169365211955 0.005817764173314572
17.235022509771486 0.0009001592720477396 0.0065053181210698715
17.25225722995733 0.0010184312468395895 0.007219316451431279
17.265783144540894 0.001120730953032826 0.007906870399186578
17.279090825390725 0.0012307063952550815 0.00862086872954785
17.292398427521366 0.0013498315596283503 0.009281978294697242
17.305705944561257 0.0014781063891139033 0.009995976625058581
17.31552291935832 0.0015774082436189885 0.010233976068512339
17.326866965415185 0.001693506992685803 0.010233976068512339
17.338429139216252 0.0018144373256957114 0.01068353057281388
17.348246043417547 0.001920488855980305 0.010921530016267705
17.359652724556263 0.001920488855980305 0.010921530016267637
17.367506237784145 0.0020062646468991287 0.010921530016267637
17.374964452374844 0.0020062646468991287 0.010921530016267705
17.384781331057898 0.002114652591890035 0.011159529459721462
17.390453291191147 0.0021785516671317625 0.011371084520569246
17.398088611863585 0.0022654782548365716 0.011397528903175152
17.402037078411603 0.0022654782548365716 0.01139752890317522
17.405745662738216 0.002307699740293089 0.011371084520569246
17.405745662738216 0.002307699740293089 0.011371084520569246
17.407490881240754 0.0023273609942136165 0.011159529459721462
17.409454251762504 0.002349505864925704 0.011397528903175287
17.407490881240754 0.0023273609942136165 0.011159529459721462
17.407490881240754 0.0023273609942136165 0.011159529459721462
17.409454251762504 0.002349505864925704 0.011397528903175287
17.407490881240754 0.0023273609942136165 0.011159529459721462
17.407490881240754 0.0023273609942136165 0.011159529459721462
17.407490881240754 0.0023273609942136165 0.011159529459721462
17.407490881240754 0.0023273609942136165 0.011159529459721462
17.407490881240754 0.0023273609942136165 0.011159529459721462
17.407490881240754 0.0023273609942136165 0.011159529459721462
17.407490881240754 0.0023273609942136165 0.011159529459721462
17.407490881240754 0.0023273609942136165 0.011159529459721462
17.407490881240754 0.0023273609942136165 0.011159529459721462
17.405745658617832 0.002308068950536051 0.010947974398873678
17.403782278339154 0.002286806724092887 0.010709974955419853
17.399855502878637 0.002245684124419488 0.010233976068512406
17.394183460341054 0.002189584665295218 0.009546422120756973
17.390256639690374 0.002153031103146229 0.009070423233849526
17.386547960159504 0.0021202245812981125 0.008620868729547917
17.382621107358506 0.002087305516456405 0.008144869842640335
17.380657675193184 0.0020715469265440035 0.007906870399186578
17.37520368669249 0.002029071110687283 0.0076688709557328205
17.371276804332073 0.0019998904153226385 0.007192872068825238
17.367568069742227 0.0019740471827823483 0.006743317564523696
17.35971425436878 0.0019229548945848003 0.006267318677616114
17.352078578355798 0.0018768154444099528 0.005817764173314572
17.33877065893711 0.0018009759253172762 0.005579764729860815
17.32692525929306 0.0018009759253172762 0.0055797647298607474
17.31361730553374 0.0017314709707171635 0.004865766399499476
17.294418911031592 0.001638055330596764 0.004865766399499476
17.282856229358647 0.0015843926651616 0.004416211895197867
17.267584731849613 0.0015205847328047843 0.0039402130082903525
17.25209502894663 0.0014667200603359657 0.0030146596170812284
17.23311463581001 0.001418284214107899 0.0020891062258721043
17.211952559747985 0.0013765926164770622 0.0018511067824183468
17.19471745927958 0.001346739547409516 0.0016131073389645894
17.16788304811729 0.0013094845030936276 0.0011635528346629802
17.14478001913441 0.0013094845030936276 0.0011635528346630474
17.125581410358546 0.0012871458973498064 0.0011635528346630474
17.102673979083047 0.0012607947655932303 0.001137108452057007
17.07387606179421 0.0012310945724823472 0.0009255533912092226
17.052713956208624 0.0012089896211781453 0.0011635528346630474
17.02784302321463 0.0011886010261090468 0.0004759988869076473
17.002972082915836 0.001180050969169545 0.00021155506084798414
16.97221065511116 0.0011804577026564061 -0.0002379994434536922
16.945376220961176 0.0011928760543049686 -0.0006875539477552003
16.914862786455483 0.0011928760543049686 -0.0006875539477552339
16.885846704087022 0.0012231849044937932 -0.0014015522781165397
16.849631177980953 0.001286392985763767 -0.002089106225871839
16.820833331116578 0.0013564549218190434 -0.002776660173627239
16.79181737538484 0.001447381340098865 -0.003490658503988545
16.761274326082848 0.001561266451394715 -0.00396665739089606
16.723095584383866 0.0017212910890954329 -0.004416211895197668
16.692334487857725 0.0018640540292154317 -0.0048657663994991765
16.65960997320978 0.002027612132841203 -0.005130210225558941
16.627103663816005 0.0021982461426925063 -0.005368209669012732
16.58870692592313 0.0023952312082168056 -0.0048922107821052505
16.556200576839196 0.0025581287297645736 -0.005130210225558974
16.52347606219125 0.002721686833390345 -0.004865766399499209
16.494678455830922 0.0028587641544035917 -0.0046542113386514586
16.45431817675327 0.0030514137479723514 -0.004892210782105182
16.421811827669334 0.0032143112695200734 -0.005130210225558973
16.387123906437516 0.003400066428916242 -0.005579764729860549
16.33934636115516 0.003683713767149544 -0.006293763060221854
16.29898639172672 0.0039329301940730175 -0.006055763616768097
16.260808067648913 0.004172713871528884 -0.006505318121069639
16.222411636571792 0.0044224983939665915 -0.006505318121069639
16.17267088429497 0.004757921166637468 -0.006981317007977221
16.130347753267312 0.005063470551021667 -0.007457315894884736
16.08998810113606 0.005359647755490381 -0.007219316451430945
16.045919644385958 0.005671970303653857 -0.006954872625371214
15.992251990507263 0.0060338738222585125 -0.006531762503675612
15.948183329434826 0.006315896857571903 -0.006267318677615881
15.898224192092744 0.006617780688715924 -0.005817764173314339
15.848210282484521 0.006617780688715924 -0.005817764173314305
15.788651971487463 0.006971368473209354 -0.006055763616768096
15.73863806187924 0.006971368473209354 -0.00605576361676813
15.688678924117918 0.007273252306906609 -0.00602931923416209
15.629338770749918 0.00762476029139415 -0.005817764173314272
15.571525881580246 0.007987861278785017 -0.00674331756452343
15.52374861839081 0.008315729164474761 -0.006981317007977187
15.474007866113988 0.008651151937145659 -0.006505318121069639
15.418158473805185 0.009008567269414867 -0.006293763060221854
15.36078190628105 0.009368927884838188 -0.006267318677615881
15.307114167895824 0.009718058520854812 -0.0067433175645233955
15.257155331362029 0.010066182065073986 -0.007192872068825004
15.205451334562037 0.010444241798234109 -0.007430871512278728
15.140003412825198 0.010946163303991853 -0.007906870399186309
15.08262772538449 0.011426388773165432 -0.008832423790395432
15.03389622371494 0.011426388773165432 -0.008832423790395465
14.9873920621494 0.011426388773165432 -0.008832423790395397
14.92608977056586 0.01196866128591652 -0.008858868173001438
14.876131675289594 0.012410584436877932 -0.008832423790395432
14.826391731819845 0.01284992012141516 -0.008832423790395432
14.778397199039963 0.013290339951368413 -0.009519977738150765
14.722767413642515 0.013826570806068954 -0.009757977181604522
14.676954810092814 0.014284527773333642 -0.010233976068512072
14.62896094172314 0.014792213995453201 -0.010921530016267405
14.578785850644078 0.015352167647306594 -0.011397528903174987
14.519448747535074 0.016048894741590235 -0.01208508285093032
14.473637333745874 0.016613461142074265 -0.012561081737837834
14.421718113015325 0.017283508545970747 -0.013248635685593185
14.37001752062603 0.017986971334891896 -0.013962634015954491
14.312209308023311 0.018807175253441357 -0.014412188520256084
14.256863281196397 0.018807175253441357 -0.014412188520256067
14.20516336106785 0.019558489407009293 -0.014650187963709857
14.151718758633326 0.020366257294291864 -0.015575741354918965
14.088240226215865 0.021362618235354475 -0.01581374079837274
14.034578266192408 0.022224060065686262 -0.01628973968528029
13.978953169990822 0.02312363744419276 -0.016051740241826498
13.927254353646322 0.02394741097696045 -0.01581374079837274
13.858104314810548 0.025040108386738924 -0.01578729641576675
13.806405476699945 0.02586251477593931 -0.01602529585922054
13.748816813289299 0.02677328289322587 -0.01560218573752492
13.691227746372174 0.02765816167458035 -0.015126186850617389
13.627966672983064 0.028606767080115062 -0.014861743024557658
13.570377374078827 0.02947641675750376 -0.01533774191146519
13.512788495651 0.03037347877751425 -0.01581374079837274
13.453454402871127 0.03129144827696609 -0.015126186850617373
13.39412053242629 0.03222353919712486 -0.01628973968528027
13.338495436224704 0.033123116575631426 -0.016051740241826498
13.280907212976828 0.03406129672653957 -0.016527739128734065
13.219392519962051 0.03506344370591876 -0.016051740241826516
13.14849778950905 0.03620996389421148 -0.01628973968528028
13.092872693307463 0.03710954127271807 -0.016051740241826516
13.029613263616433 0.038161865102294565 -0.017215293076489398
12.970281218048727 0.03920378773103979 -0.017902847024244748
12.905060255427317 0.04038621835902693 -0.018352401528546315
12.84747408928945 0.04144318147061792 -0.018352401528546315
12.78792488902528 0.04254326375903196 -0.018590400972000088
12.728594094957057 0.04365422165534141 -0.018854844798059826
12.653776237102427 0.04505616149475152 -0.01861684535460606
12.588773702966984 0.04625096758447885 -0.018140846467698507
12.523553023610582 0.047448920731644785 -0.01859040097200008
12.460078069002842 0.04865175003889753 -0.0193043993023614
12.383297890581073 0.05013412940731523 -0.0193043993023614
12.320259474857213 0.05134369501099911 -0.019066399858907627
12.253076647948056 0.05263189392530407 -0.019277954919755425
12.187857104749405 0.05389021178242526 -0.0193043993023614
12.10911361659607 0.05540112245000272 -0.019066399858907627
12.040185331435197 0.05669908518626768 -0.01859040097200008
11.973220043578392 0.05795211179659904 -0.018828400415453854
11.904073647504324 0.05925509628915582 -0.01885484479805983
11.823584624944917 0.06077181956282606 -0.018828400415453854
11.823584624944917 0.06077181956282606 -0.018828400415453854
11.756619337088113 0.06202484617315742 -0.01859040097200008
11.685509320413363 0.06333943778152132 -0.01837884591115228
11.60131104111858 0.06486703341504048 -0.01790284702424474
11.544435124119214 0.06486703341504048 -0.017902847024244745
11.47136147034606 0.06619183027248428 -0.018352401528546308
11.392834390854729 0.06760614786042293 -0.017664847580790972
11.323687084543295 0.06885976156895456 -0.018590400972000085
11.258466691598933 0.07007323717757828 -0.018616845354606063
11.193246298654577 0.07128671278620143 -0.018590400972000074
11.12215140240537 0.07128671278620143 -0.01859040097200009
11.043406855535897 0.07274140035439722 -0.018352401528546308
10.974478263412795 0.07402295816055443 -0.018828400415453864
10.911221706736729 0.07523587270112257 -0.019515954363209197
10.838149643899934 0.07664569369957062 -0.019066399858907623
10.769440411601733 0.0779876990409586 -0.01999195325011674
10.700295873226805 0.07938576601504614 -0.020441507754418324
10.636823253934773 0.08070609211337479 -0.021155506084779622
10.565935660701726 0.08223129712435648 -0.021869504415140944
10.479780412460121 0.0841055128190265 -0.02163150497168717
10.41063825922201 0.0856169439101595 -0.022081059475988745
10.341714559856365 0.08713909961063475 -0.022081059475988745
10.245964478089077 0.08932083969643455 -0.0234826117541054
10.165264365399574 0.09117780359193961 -0.02253061398029032
10.09011975987035 0.09117780359193961 -0.022530613980290302
10.009636904137748 0.09299250334159098 -0.022557058362896308
9.907778955704213 0.09527838159552271 -0.022319058919442518
9.825551018746092 0.09712372656711213 -0.022557058362896308
9.742886859310739 0.09897886116719791 -0.0223190589194425
9.656732011123617 0.10087130336283733 -0.021605060589081196
9.566651596099312 0.10287142250105527 -0.02279505780635005
9.488132374040896 0.1046698926887101 -0.02300661286719787
9.399798009660111 0.10668265988605281 -0.022557058362896294
9.3156068479088 0.10856203946099607 -0.022081059475988745
9.221600404628775 0.11064933098010742 -0.022319058919442535
9.142862247488505 0.11241635892372537 -0.02255705836289626
9.068050092643318 0.11409528021087484 -0.022319058919442535
8.9875672375861 0.11590997994531943 -0.022768613423744078
8.889853898015163 0.11812482052136006 -0.022557058362896294
8.803481873117297 0.1200643089922306 -0.02234550330204851
8.721035849351152 0.12191563889624338 -0.022557058362896294
8.64055342847088 0.12374949345382216 -0.023006612867197903
8.546548442536121 0.1259014189756981 -0.022768613423744113
8.471403837006896 0.1259014189756981 -0.022768613423744078
8.392884189137392 0.12768120158144475 -0.02255705836289626
8.306294027406956 0.12962444283799968 -0.022319058919442535
8.204872301450653 0.13190053146343553 -0.02255705836289626
8.126134567092057 0.13368629899440942 -0.022795057806350084
8.049578117319614 0.13543069724672505 -0.022768613423744113
7.97105846945011 0.1372104798524717 -0.022557058362896294
7.8761152852185745 0.1372104798524717 -0.02255705836289626
7.795414779199265 0.13905037124140038 -0.02303305724980381
7.704521304247748 0.13905037124140038 -0.023033057249803843
7.622076572858058 0.1409583867924589 -0.023244612310651627
7.528072101742765 0.14313268538746307 -0.023006612867197837
7.449335178140397 0.1449538496398909 -0.023244612310651662
7.37277956737244 0.14673468847816454 -0.023271056693257634
7.294261210279043 0.1485705335229813 -0.023482611754105417
7.188698165818634 0.15106105764616873 -0.0236941668149532
7.1062547658660105 0.15302575794024975 -0.023958610641012967
7.0257745325773335 0.1549532568005747 -0.02393216625840696
6.950965183346126 0.15675285588702637 -0.02417016570186072
6.851972289834572 0.15675285588702637 -0.024170165701860754
6.773455665627237 0.1586613730648 -0.024434609527920485
6.6929763589432385 0.16062718020661465 -0.024408165145314513
6.604645871750397 0.162803460203114 -0.024857719649616056
6.510645586549324 0.1651517672876209 -0.02509571909306988
6.430386203732037 0.16718547099562173 -0.025571717979977395
6.3555799055838875 0.1691077214056509 -0.025809717423431154
6.271176726437945 0.17124754205933262 -0.02488416403222203
6.186774062854111 0.173407450462198 -0.026285716310338738
6.102372897367961 0.17562538991583265 -0.026259271927732766
6.023642313891284 0.17770264845089545 -0.02649727137118659
5.947093332323443 0.17974868108366188 -0.026946825875488065
5.858768147991634 0.18213050939937814 -0.026973270258094106
5.7822192205566285 0.18417856632197502 -0.026523715753792497
5.705670293121623 0.1862266232445719 -0.026973270258094106
5.626940707336849 0.18834135721298204 -0.02673527081464028
5.53098129605103 0.19088461501397258 -0.026259271927732766
5.452468339150762 0.19293847149663745 -0.026047716866884913
5.379625112252565 0.1948189521730444 -0.025571717979977465
5.304818814104418 0.1967412025830741 -0.025809717423431154
5.216708503790197 0.19899482583529643 -0.02533371853652364
5.145608968519955 0.20078890134532712 -0.025122163475675786
5.066875603026239 0.20275789490358984 -0.024884164032222027
4.9940302373995005 0.2045536173830319 -0.024408165145314513
4.911805857250952 0.20655117179789062 -0.024170165701860688
4.84070428260877 0.20826251804630747 -0.02395861064101297
4.7717831721835715 0.20989767560478997 -0.02348261175410539
4.70460635555922 0.21146834303202258 -0.023271056693257672
4.622161624256011 0.21337635858106438 -0.02300661286719794
4.5512765822317185 0.2150159108858826 -0.02324461231065163
4.4803915402074255 0.21665546319070084 -0.02300661286719794
4.409506498183133 0.21829501549551905 -0.02324461231065163
4.328807276263104 0.22019039239669574 -0.02372061119755921
4.261631556633416 0.22180724710565564 -0.02440816514531458
4.200344792902036 0.22328965768610629 -0.023958610641012904
4.129460939583622 0.22497982137040334 -0.023720611197559215
4.060322492704647 0.2266521492749811 -0.024646164588768203
3.9931487023096977 0.2283471653085683 -0.02580971742343115
3.916596075069995 0.230251493914155 -0.023932166258407
3.847458390170941 0.23195490307029423 -0.02533371853652357
3.788136078534422 0.23345180042835711 -0.025122163475675786
3.724888408442628 0.23506281009772287 -0.02580971742343122
3.6653487017532846 0.23659276450573263 -0.025571717979977395
3.5978085503165387 0.23659276450573263 -0.02557171797997746
3.5421945385737454 0.23802184279890343 -0.02580971742343115
3.484617855691492 0.23950821077273476 -0.02580971742343115
3.4250785148167178 0.2410523355543273 -0.02604771686688491
3.359869346164042 0.24276593734016474 -0.026497271371186584
3.3042566809301643 0.24424648875105828 -0.026735270814640274
3.2516779554445967 0.24424648875105828 -0.02673527081464034
3.196065290210719 0.24572704016195138 -0.02649727137118658
3.1310745974081335 0.247449519325248 -0.02649727137118658
3.075461932174256 0.2489300707361411 -0.02673527081464034
3.025520361547912 0.250288718975966 -0.027660824205849463
2.9715579853916707 0.250288718975966 -0.027660824205849328
2.9063512819402666 0.2520937131226473 -0.02768726858845537
2.854665550015863 0.253518960362328 -0.027449269145001544
2.8066869026323227 0.25482992144417876 -0.027184825318941747
2.758707944549294 0.25612946359899935 -0.02697327025809403
2.7030959903564318 0.2576364864079325 -0.02721126970154792
2.653082080748208 0.2576364864079325 -0.027211269701547785
2.6051034333143392 0.25894744749115306 -0.027422824762395704
2.551236322916375 0.26041288908237736 -0.026973270258094095
2.501512854336093 0.26176626184929974 -0.02744926914500161
2.4574597326475693 0.26296996247899906 -0.027184825318941813
2.413406325680425 0.26416317845751613 -0.026973270258094095
2.369352387534844 0.265336589887669 -0.026285716310338728
2.3174465994163356 0.2666944172275535 -0.026021272484278997
2.2733918339006336 0.267836373943363 -0.025809717423431144
2.233044661512966 0.26888275886861807 -0.026047716866884903
2.188989656181993 0.2700153955301452 -0.025360162919129535
2.1468973686683346 0.27109255923133924 -0.025809717423431144
2.1104756433308975 0.2720284654076508 -0.025571717979977385
2.0740539179934605 0.27296437158396236 -0.025809717423431144
2.035669228351621 0.27394614805027717 -0.025333718536523695
1.9933585750539389 0.27501826360211823 -0.025333718536523695
1.9608623468467117 0.27584555960290197 -0.02557171797997732
1.9283663164558247 0.27668058966440107 -0.02580971742343121
1.8939073337091743 0.27756195717393345 -0.02533371853652363
1.857485386658121 0.2784891949734693 -0.02557171797997732
1.8284788628863906 0.27923455737735775 -0.02580971742343121
1.798556010984034 0.27923455737735775 -0.025809717423431144
1.769767591145481 0.2799746961990683 -0.02559816236258336
1.7350905249753583 0.2808621004992321 -0.025571717979977388
1.7104458844775714 0.28149537833110744 -0.025809717423431213
1.6814395389231935 0.2822476442503449 -0.026047716866884972
1.6585398553282844 0.28284396067381506 -0.026021272484279
1.6297517711617169 0.283597041383331 -0.026285716310338665
1.6048894903060693 0.28425334649704603 -0.02649727137118652
1.5800272094504226 0.2849096516107612 -0.026285716310338735
1.555164928594776 0.2855659567244764 -0.02649727137118652
1.5283397521925042 0.28627088321162714 -0.026047716866884976
1.50325923298341 0.28692730787385057 -0.026285716310338735
1.4801414653430818 0.2875296091632708 -0.02580971742343122
1.4554968248452949 0.28816288699515763 -0.025571717979977395
1.434341690966664 0.2887064971694224 -0.025809717423431154
1.4155330411994684 0.3203842230931203 -0.02580971742343122
1.3943779073208376 0.320927833267395 -0.02557171797997746
1.3712598553864814 0.32151913046291963 -0.02557171797997746
1.354030311571912 0.3219577639129993 -0.02533371853652367
1.3388064044636954 0.3219577639129993 -0.02533371853652357
1.3235824973554793 0.3219577639129993 -0.02533371853652367
1.3063529535409093 0.322396397363079 -0.02557171797997743
1.2906040841186168 0.322396397363079 -0.025571717979977395
1.2768640681652252 0.3227461936587122 -0.025333718536523636
1.2611151987429328 0.3227461936587122 -0.0253337185365236
1.2458485608172019 0.3231366729350873 -0.025809717423431182
1.2305821104886827 0.32353441906961367 -0.026285716310338696
1.2170605191461372 0.32389135693847626 -0.026497271371186515
1.1998314973677993 0.32435003757165476 -0.02673527081464034
1.1845654217135062 0.3247619134486734 -0.027211269701547854
1.167336731823969 0.3252328954566676 -0.02744926914500158
1.153815476652244 0.32560234812518934 -0.027184825318941883
1.1388540507010658 0.32560234812518934 -0.027184825318941817
1.1214071568526918 0.32607490890876034 -0.026973270258094033
1.1041782447280455 0.3265376900265013 -0.02673527081464031
1.0908748228485694 0.3268918611483227 -0.02649727137118652
1.0716827143294119 0.32739188484817566 -0.0255981623625834
1.056197986668539 0.32778814714573257 -0.025571717979977395
1.0428941616977947 0.32812683879705995 -0.025333718536523636
1.0276274311264662 0.32851368461473457 -0.025333718536523636
1.0123607005551365 0.3289005304324092 -0.025333718536523636
0.9988387846533969 0.3292449531950886 -0.025598162362583433
0.9853169510928642 0.3295925941568012 -0.025809717423431182
0.9759389596730284 0.3298358079502388 -0.026047716866884972
0.9643800717632164 0.33013680576399 -0.026021272484278966
0.9547840437076935 0.33038783266716193 -0.02628571631033873
0.9451880756581456 0.33064114341280637 -0.026497271371186515
0.9373368510242762 0.33084922814394285 -0.026497271371186515
0.9355921295607221 0.33089528464315093 -0.02628571631033873
0.9336293186004564 0.33094712415740124 -0.02652371575379249
0.9316665076401904 0.3309989636716516 -0.0262857163103387
0.9316665076401904 0.3309989636716516 -0.0262857163103387
0.9316665076401904 0.3309989636716516 -0.0262857163103387
0.9316665076401904 0.3309989636716516 -0.0262857163103387
0.9316665076401904 0.3309989636716516 -0.0262857163103387
0.9316665076401904 0.3309989636716516 -0.0262857163103387
0.9297036843977401 0.33105033603652123 -0.026047716866884976
0.9259961165776116 0.33114688250508306 -0.026021272484279004
0.9259961165776116 0.33114688250508306 -0.026021272484279004
0.9259961165776116 0.33114688250508306 -0.026021272484279004
0.9181448427161747 0.33135309864130463 -0.02649727137118652
0.9144373212720771 0.3314514098970228 -0.026523715753792525
0.9124745103118111 0.3315032494112732 -0.026285716310338735
0.9087669655746936 0.33160067827616163 -0.026259271927732794
0.905059397785678 0.33169722474391106 -0.02580971742343122
0.9011336908904897 0.33179763370069415 -0.02533371853652364
0.895245077112388 0.33194614491623964 -0.02509571909306988
0.8895745281357501 0.33208788110964027 -0.024884164032222062
0.8817229318406522 0.33228143203556815 -0.024408165145314513
0.8760522867530632 0.33241926938743976 -0.024196610084466764
0.8703816416654739 0.3325571067393113 -0.024408165145314548
0.8663319323854564 0.3325571067393113 -0.024408165145314513
0.8643690275535552 0.33260526088634823 -0.024646164588768303
0.8586984450043826 0.33274564748824753 -0.024857719649616087
0.8567355620187452 0.33279468406309803 -0.025095719093069877
0.8528098313374651 0.3328941587009894 -0.02557171797997739
0.8528098313374651 0.3328941587009894 -0.02557171797997739
0.8510650774343742 0.332938969460351 -0.025783273040825175
0.8510650774343742 0.332938969460351 -0.025783273040825175
0.8510650774343742 0.332938969460351 -0.025783273040825175
0.8510650774343742 0.332938969460351 -0.025783273040825175
0.8510650774343742 0.332938969460351 -0.025783273040825175
0.8510650774343742 0.332938969460351 -0.025783273040825175
0.8491022406754494 0.33298982276694233 -0.026021272484278966
0.8473574974867089 0.3330350487754893 -0.025809717423431182
0.8473574974867089 0.3330350487754893 -0.025809717423431182
0.8473574974867089 0.3330350487754893 -0.025809717423431182
0.8473574974867089 0.3330350487754893 -0.025809717423431182
0.8473574974867089 0.3330350487754893 -0.025809717423431182
0.8473574974867089 0.3330350487754893 -0.025809717423431182
0.8453946500134336 0.3330854868328953 -0.02557171797997739
0.8453946500134336 0.3330854868328953 -0.02557171797997739
0.8473574974867089 0.3330350487754893 -0.025809717423431182
0.8473574974867089 0.3330350487754893 -0.025809717423431182
0.8493203449599841 0.3329846107180833 -0.02557171797997739
0.8493203449599841 0.3329846107180833 -0.02557171797997739
0.8493203449599841 0.3329846107180833 -0.02557171797997739
0.8493203449599841 0.3329846107180833 -0.02557171797997739
0.8493203449599841 0.3329846107180833 -0.02557171797997739
0.8493203449599841 0.3329846107180833 -0.02557171797997739
0.8510651083039742 0.332940169071239 -0.025360162919129608
0.8510651083039742 0.332940169071239 -0.025360162919129608
0.8510651083039742 0.332940169071239 -0.025360162919129608
0.8510651083039742 0.332940169071239 -0.025360162919129608
0.8530279782535592 0.33289061342582293 -0.02512216347567585
0.8530279782535592 0.33289061342582293 -0.02512216347567585
0.8549908599417682 0.33284152494376096 -0.02488416403222209
0.8569537532574161 0.332792903627834 -0.0246461645887683
0.8589166580893173 0.332744749480797 -0.02440816514531451
0.8589166580893173 0.332744749480797 -0.02440816514531451
0.8589166580893173 0.332744749480797 -0.02440816514531451
0.8589166580893173 0.332744749480797 -0.02440816514531451
0.8606614719624215 0.3327023379879135 -0.024196610084466726
0.8606614719624215 0.3327023379879135 -0.024196610084466726
0.8606614719624215 0.3327023379879135 -0.024196610084466726
0.8606614719624215 0.3327023379879135 -0.024196610084466726
0.8606614719624215 0.3327023379879135 -0.024196610084466726
0.8606614719624215 0.3327023379879135 -0.024196610084466726
0.8606614719624215 0.3327023379879135 -0.024196610084466726
0.8606614719624215 0.3327023379879135 -0.024196610084466726
0.8606614719624215 0.3327023379879135 -0.024196610084466726
0.8606614719624215 0.3327023379879135 -0.024196610084466726
0.8606614719624215 0.3327023379879135 -0.024196610084466726
0.8606614719624215 0.3327023379879135 -0.024196610084466726
0.8589166580893173 0.332744749480797 -0.02440816514531451
0.8589166580893173 0.332744749480797 -0.02440816514531451
0.8589166580893173 0.332744749480797 -0.02440816514531451
0.8589166580893173 0.332744749480797 -0.02440816514531451
0.8589166580893173 0.332744749480797 -0.02440816514531451
0.8569537532574161 0.332792903627834 -0.0246461645887683
0.8549908599417682 0.33284152494376096 -0.02488416403222209
0.8530279782535592 0.33289061342582293 -0.02512216347567585
0.8510651083039742 0.332940169071239 -0.025360162919129608
0.8493203449599841 0.3329846107180833 -0.02557171797997739
0.8493203449599841 0.3329846107180833 -0.02557171797997739
0.8493203449599841 0.3329846107180833 -0.02557171797997739
0.8493203449599841 0.3329846107180833 -0.02557171797997739
0.8493203449599841 0.3329846107180833 -0.02557171797997739
0.8493203449599841 0.3329846107180833 -0.02557171797997739
0.8510651083039742 0.332940169071239 -0.025360162919129608
0.8493203449599841 0.3329846107180833 -0.02557171797997739
0.8493203449599841 0.3329846107180833 -0.02557171797997739
0.8510651083039742 0.332940169071239 -0.025360162919129608
0.8510651083039742 0.332940169071239 -0.025783273040825175
0.8510651083039742 0.332940169071239 -0.025783273040825175
0.8493203544008833 0.33298497983060066 -0.02557171797997739
0.8528098716739935 0.332895727423729 -0.02557171797997739
0.8528098716739935 0.332895727423729 -0.02557171797997739
0.8528098716739935 0.332895727423729 -0.02557171797997739
0.8510651177709025 0.33294053818309066 -0.025783273040825175
0.8493203638678116 0.3329853489424523 -0.02557171797997739
0.8493203638678116 0.3329853489424523 -0.02557171797997739
0.8528098811409218 0.33289609653558067 -0.02557171797997739
0.8510651272378309 0.3329409072949423 -0.025783273040825175
0.84932037333474 0.33298571805430394 -0.02557171797997739
0.8510651366787301 0.3329412764074597 -0.025360162919129608
0.8528099000227202 0.33289683476061543 -0.02557171797997739
0.8528099000227202 0.33289683476061543 -0.02557171797997739
0.8528099000227202 0.33289683476061543 -0.02557171797997739
0.8510651366787301 0.3329412764074597 -0.025360162919129608
0.8510651366787301 0.3329412764074597 -0.025360162919129608
0.8510651366787301 0.3329412764074597 -0.025360162919129608
0.8510651366787301 0.3329412764074597 -0.025360162919129608
0.8510651366787301 0.3329412764074597 -0.025360162919129608
0.8510651366787301 0.3329412764074597 -0.025360162919129608
0.8510651366787301 0.3329412764074597 -0.025360162919129608
0.8528099000227202 0.33289683476061543 -0.02557171797997739
0.8510651366787301 0.3329412764074597 -0.025360162919129608
0.8510651366787301 0.3329412764074597 -0.025360162919129608
0.8528099000227202 0.33289683476061543 -0.02557171797997739
0.8528099000227202 0.33289683476061543 -0.02557171797997739
0.8528099000227202 0.33289683476061543 -0.02557171797997739
0.8510651366787301 0.3329412764074597 -0.025360162919129608
0.8510651366787301 0.3329412764074597 -0.025360162919129608
0.8510651366787301 0.3329412764074597 -0.025360162919129608
0.8510651366787301 0.3329412764074597 -0.025360162919129608
0.8528099000227202 0.33289683476061543 -0.02557171797997739
0.8528099000227202 0.33289683476061543 -0.02557171797997739
0.8510651366787301 0.3329412764074597 -0.025360162919129608
0.84932037333474 0.33298571805430394 -0.02557171797997739
0.8510651366787301 0.3329412764074597 -0.025360162919129608
0.8528099000227202 0.33289683476061543 -0.02557171797997739
0.8528099000227202 0.33289683476061543 -0.02557171797997739
0.8510651366787301 0.3329412764074597 -0.025360162919129608
0.8528099000227202 0.33289683476061543 -0.02557171797997739
0.8510651366787301 0.3329412764074597 -0.025360162919129608
0.8510651366787301 0.3329412764074597 -0.025360162919129608
0.8528099000227202 0.33289683476061543 -0.02557171797997739
0.8510651366787301 0.3329412764074597 -0.025360162919129608
0.8510651366787301 0.3329412764074597 -0.025360162919129608
0.8528099000227202 0.33289683476061543 -0.02557171797997739
0.8510651366787301 0.3329412764074597 -0.025360162919129608
0.8528099000227202 0.33289683476061543 -0.02557171797997739
0.8510651366787301 0.3329412764074597 -0.025360162919129608
0.8528099000227202 0.33289683476061543 -0.02557171797997739
0.8510651366787301 0.3329412764074597 -0.025360162919129608
0.8510651366787301 0.3329412764074597 -0.025360162919129608
0.8510651366787301 0.3329412764074597 -0.025360162919129608
0.8510651366787301 0.3329412764074597 -0.025783273040825175
0.852809890581821 0.33289646564809805 -0.02557171797997739
0.8510651272378309 0.3329409072949423 -0.025360162919129608
0.8510651272378309 0.3329409072949423 -0.025360162919129608
0.8510651272378309 0.3329409072949423 -0.025783273040825175
0.8510651272378309 0.3329409072949423 -0.025360162919129608
0.8510651272378309 0.3329409072949423 -0.025360162919129608
0.8510651272378309 0.3329409072949423 -0.025360162919129608
0.8510651272378309 0.3329409072949423 -0.025360162919129608
0.8510651272378309 0.3329409072949423 -0.025360162919129608
0.8510651272378309 0.3329409072949423 -0.025360162919129608
0.8510651272378309 0.3329409072949423 -0.025783273040825175
0.8510651272378309 0.3329409072949423 -0.025360162919129608
0.8510651272378309 0.3329409072949423 -0.025360162919129608
0.852809890581821 0.33289646564809805 -0.02557171797997739
0.852809890581821 0.33289646564809805 -0.02557171797997739
0.8510651272378309 0.3329409072949423 -0.025360162919129608
0.852809890581821 0.33289646564809805 -0.02557171797997739
0.852809890581821 0.33289646564809805 -0.02557171797997739
0.852809890581821 0.33289646564809805 -0.02557171797997739
0.852809890581821 0.33289646564809805 -0.02557171797997739
0.8510651272378309 0.3329409072949423 -0.025360162919129608
0.852809890581821 0.33289646564809805 -0.02557171797997739
0.8510651366787301 0.3329412764074597 -0.025783273040825175
0.8510651366787301 0.3329412764074597 -0.025360162919129608
0.8510651366787301 0.3329412764074597 -0.025360162919129608
0.8510651366787301 0.3329412764074597 -0.025360162919129608
0.8510651366787301 0.3329412764074597 -0.025360162919129608
0.8528099000227202 0.33289683476061543 -0.02557171797997739
0.8528099000227202 0.33289683476061543 -0.02557171797997739
0.8510651366787301 0.3329412764074597 -0.025360162919129608
0.8528099000227202 0.33289683476061543 -0.02557171797997739
0.8528099000227202 0.33289683476061543 -0.02557171797997739
0.8510651366787301 0.3329412764074597 -0.025360162919129608
0.8528099000227202 0.33289683476061543 -0.02557171797997739
0.8510651366787301 0.3329412764074597 -0.025360162919129608
0.8528099000227202 0.33289683476061543 -0.02557171797997739
0.8528099000227202 0.33289683476061543 -0.02557171797997739
0.8510651366787301 0.3329412764074597 -0.025360162919129608
0.8528099000227202 0.33289683476061543 -0.02557171797997739
0.8528099000227202 0.33289683476061543 -0.02557171797997739
0.8510651366787301 0.3329412764074597 -0.025360162919129608
0.8528099000227202 0.33289683476061543 -0.02557171797997739
0.8510651366787301 0.3329412764074597 -0.025360162919129608
0.8528099000227202 0.33289683476061543 -0.02557171797997739
0.8528099000227202 0.33289683476061543 -0.02557171797997739
0.8510651366787301 0.3329412764074597 -0.025360162919129608
0.8528099000227202 0.33289683476061543 -0.02557171797997739
0.8528099000227202 0.33289683476061543 -0.02557171797997739
0.8528099000227202 0.33289683476061543 -0.02557171797997739
0.8510651366787301 0.3329412764074597 -0.025360162919129608
0.8510651366787301 0.3329412764074597 -0.025360162919129608
0.8510651366787301 0.3329412764074597 -0.025360162919129608
0.8528099000227202 0.33289683476061543 -0.02557171797997739
0.8510651461196292 0.33294164551997707 -0.025783273040825175
0.8510651461196292 0.33294164551997707 -0.025360162919129608
0.8493203827756391 0.3329860871668213 -0.02557171797997739
0.8510651461196292 0.33294164551997707 -0.025360162919129608
0.8510651461196292 0.33294164551997707 -0.025360162919129608
0.8510651461196292 0.33294164551997707 -0.025783273040825175
0.8528099000227202 0.33289683476061543 -0.02557171797997739
0.8510651461196292 0.33294164551997707 -0.025783273040825175
0.8528099000227202 0.33289683476061543 -0.02557171797997739
0.8510651366787301 0.3329412764074597 -0.025360162919129608
0.8528099000227202 0.33289683476061543 -0.02557171797997739
0.8528099000227202 0.33289683476061543 -0.02557171797997739
0.8510651366787301 0.3329412764074597 -0.025360162919129608
0.8510651366787301 0.3329412764074597 -0.025360162919129608
0.8510651366787301 0.3329412764074597 -0.025360162919129608
0.8510651366787301 0.3329412764074597 -0.025360162919129608
0.8528099000227202 0.33289683476061543 -0.02557171797997739
0.8510651461196292 0.33294164551997707 -0.025783273040825175
0.8510651461196292 0.33294164551997707 -0.025360162919129608
0.8528099094636193 0.3328972038731328 -0.02557171797997739
0.8510651461196292 0.33294164551997707 -0.025360162919129608
0.8528099094636193 0.3328972038731328 -0.02557171797997739
0.8528099094636193 0.3328972038731328 -0.02557171797997739
0.8510651461196292 0.33294164551997707 -0.025360162919129608
0.8493203827756391 0.3329860871668213 -0.02557171797997739
0.8510651461196292 0.33294164551997707 -0.025360162919129608
0.8510651461196292 0.33294164551997707 -0.025360162919129608
0.8528099094636193 0.3328972038731328 -0.02557171797997739
0.8528099094636193 0.3328972038731328 -0.02557171797997739
0.8510651461196292 0.33294164551997707 -0.025360162919129608
0.8510651461196292 0.33294164551997707 -0.025783273040825175
0.8493203922165383 0.3329864562793387 -0.02557171797997739
0.8510651555605284 0.33294201463249445 -0.025360162919129608
0.8528099189045185 0.3328975729856502 -0.02557171797997739
0.8528099189045185 0.3328975729856502 -0.02557171797997739
0.8528099189045185 0.3328975729856502 -0.02557171797997739
0.8510651555605284 0.33294201463249445 -0.025360162919129608
0.8510651555605284 0.33294201463249445 -0.025360162919129608
0.8510651555605284 0.33294201463249445 -0.025360162919129608
0.8528099189045185 0.3328975729856502 -0.02557171797997739
0.8528099189045185 0.3328975729856502 -0.02557171797997739
0.8528099189045185 0.3328975729856502 -0.02557171797997739
0.8528099189045185 0.3328975729856502 -0.02557171797997739
0.8510651555605284 0.33294201463249445 -0.025360162919129608
0.8528099189045185 0.3328975729856502 -0.02557171797997739
0.8510651555605284 0.33294201463249445 -0.025360162919129608
0.8510651555605284 0.33294201463249445 -0.025360162919129608
0.8528099189045185 0.3328975729856502 -0.02557171797997739
0.8510651555605284 0.33294201463249445 -0.025360162919129608
0.8510651555605284 0.33294201463249445 -0.025360162919129608
0.8510651555605284 0.33294201463249445 -0.025360162919129608
0.8528099189045185 0.3328975729856502 -0.02557171797997739
0.8510651555605284 0.33294201463249445 -0.025360162919129608
0.8528099189045185 0.3328975729856502 -0.02557171797997739
0.8493204016314083 0.33298682539252183 -0.02557171797997739
0.8493204016314083 0.33298682539252183 -0.02557171797997739
0.8510651555344992 0.3329420146331602 -0.025783273040825175
0.8510651555344992 0.3329420146331602 -0.025360162919129608
0.8510651555344992 0.3329420146331602 -0.025783273040825175
0.8493204016314083 0.33298682539252183 -0.02557171797997739
0.8510651649753984 0.3329423837456776 -0.025360162919129608
0.8528099283193885 0.33289794209883333 -0.02557171797997739
0.8493204110462783 0.33298719450570496 -0.02557171797997739
0.8510651743902684 0.3329427528588607 -0.025360162919129608
0.8510651743902684 0.3329427528588607 -0.025360162919129608
0.8510651743902684 0.3329427528588607 -0.025360162919129608
0.8528099377342585 0.33289831121201646 -0.02557171797997739
0.8510651743902684 0.3329427528588607 -0.025360162919129608
0.8528099377342585 0.33289831121201646 -0.02557171797997739
0.8510651743902684 0.3329427528588607 -0.025360162919129608
0.8510651743902684 0.3329427528588607 -0.025783273040825175
0.8510651743902684 0.3329427528588607 -0.025360162919129608
0.8510651743902684 0.3329427528588607 -0.025360162919129608
0.8510651743902684 0.3329427528588607 -0.025360162919129608
0.8510651743902684 0.3329427528588607 -0.025783273040825175
0.8510651743902684 0.3329427528588607 -0.025360162919129608
0.8528099377342585 0.33289831121201646 -0.02557171797997739
0.8528099377342585 0.33289831121201646 -0.02557171797997739
0.8528099377342585 0.33289831121201646 -0.02557171797997739
0.8510651743902684 0.3329427528588607 -0.025360162919129608
0.8493204110462783 0.33298719450570496 -0.02557171797997739
0.8510651743902684 0.3329427528588607 -0.025360162919129608
0.8528099377342585 0.33289831121201646 -0.02557171797997739
0.8528099377342585 0.33289831121201646 -0.02557171797997739
0.8528099377342585 0.33289831121201646 -0.02557171797997739
0.8510651743902684 0.3329427528588607 -0.025360162919129608
0.8493204110462783 0.33298719450570496 -0.02557171797997739
0.8493204110462783 0.33298719450570496 -0.02557171797997739
0.8510651743902684 0.3329427528588607 -0.025360162919129608
0.8528099377342585 0.33289831121201646 -0.02557171797997739
0.8528099377342585 0.33289831121201646 -0.02557171797997739
0.8510651743902684 0.3329427528588607 -0.025360162919129608
0.8510651743902684 0.3329427528588607 -0.025783273040825175
0.8528099282933593 0.3328979420994991 -0.02557171797997739
0.8528099282933593 0.3328979420994991 -0.02557171797997739
0.8510651649493692 0.33294238374634333 -0.025360162919129608
0.8510651649493692 0.33294238374634333 -0.025360162919129608
0.8510651649493692 0.33294238374634333 -0.025783273040825175
0.8510651649493692 0.33294238374634333 -0.025360162919129608
0.8510651649493692 0.33294238374634333 -0.025360162919129608
0.8528099282933593 0.3328979420994991 -0.02557171797997739
0.8510651649493692 0.33294238374634333 -0.025360162919129608
0.8510651649493692 0.33294238374634333 -0.025783273040825175
0.8510651649493692 0.33294238374634333 -0.025360162919129608
0.8493204016053791 0.3329868253931876 -0.02557171797997739
0.8528099188784893 0.33289757298631595 -0.02557171797997739
0.8510651555344992 0.3329420146331602 -0.025360162919129608
0.8510651555344992 0.3329420146331602 -0.025360162919129608
0.8528099188784893 0.33289757298631595 -0.02557171797997739
0.8528099188784893 0.33289757298631595 -0.02557171797997739
0.8528099188784893 0.33289757298631595 -0.02557171797997739
0.8510651555344992 0.3329420146331602 -0.025360162919129608
0.8493203921905091 0.33298645628000445 -0.02557171797997739
0.8528099094636193 0.3328972038731328 -0.02557171797997739
0.8510651461196292 0.33294164551997707 -0.025360162919129608
0.8528099094636193 0.3328972038731328 -0.02557171797997739
0.8510651461196292 0.33294164551997707 -0.025360162919129608
0.8510651461196292 0.33294164551997707 -0.025360162919129608
0.8528099094636193 0.3328972038731328 -0.02557171797997739
0.8510651461196292 0.33294164551997707 -0.025360162919129608
0.8528099094636193 0.3328972038731328 -0.02557171797997739
0.8510651461196292 0.33294164551997707 -0.025360162919129608
0.8510651461196292 0.33294164551997707 -0.025360162919129608
0.8528099094636193 0.3328972038731328 -0.02557171797997739
0.8510651555605284 0.33294201463249445 -0.025783273040825175
0.8510651555605284 0.33294201463249445 -0.025360162919129608
0.8510651555605284 0.33294201463249445 -0.025783273040825175
0.8528099094636193 0.3328972038731328 -0.02557171797997739
0.8528099094636193 0.3328972038731328 -0.02557171797997739
0.8528099094636193 0.3328972038731328 -0.02557171797997739
0.8510651461196292 0.33294164551997707 -0.025360162919129608
0.8510651461196292 0.33294164551997707 -0.025360162919129608
0.8510651461196292 0.33294164551997707 -0.025783273040825175
0.8528099000227202 0.33289683476061543 -0.02557171797997739
0.8510651366787301 0.3329412764074597 -0.025360162919129608
0.8528099000227202 0.33289683476061543 -0.02557171797997739
0.8528099000227202 0.33289683476061543 -0.02557171797997739
0.8510651366787301 0.3329412764074597 -0.025360162919129608
0.8510651366787301 0.3329412764074597 -0.025360162919129608
0.8510651366787301 0.3329412764074597 -0.025360162919129608
0.8528099000227202 0.33289683476061543 -0.02557171797997739
0.8510651461196292 0.33294164551997707 -0.025783273040825175
0.8510651461196292 0.33294164551997707 -0.025360162919129608
0.8510651461196292 0.33294164551997707 -0.025360162919129608
0.8528099094636193 0.3328972038731328 -0.02557171797997739
0.8510651461196292 0.33294164551997707 -0.025360162919129608
0.8510651461196292 0.33294164551997707 -0.025360162919129608
0.8493203827756391 0.3329860871668213 -0.02557171797997739
0.8528099000487493 0.3328968347599497 -0.02557171797997739
0.8528099000487493 0.3328968347599497 -0.02557171797997739
0.8510651367047593 0.33294127640679394 -0.025360162919129608
0.8510651367047593 0.33294127640679394 -0.025360162919129608
0.8510651367047593 0.33294127640679394 -0.025783273040825175
0.8510651367047593 0.33294127640679394 -0.025360162919129608
0.8510651367047593 0.33294127640679394 -0.025360162919129608
0.8493203733607692 0.3329857180536382 -0.02557171797997739
0.8510651367047593 0.33294127640679394 -0.025360162919129608
0.8528099000487493 0.3328968347599497 -0.02557171797997739
0.8510651367047593 0.33294127640679394 -0.025360162919129608
0.8510651367047593 0.33294127640679394 -0.025360162919129608
0.8528099000487493 0.3328968347599497 -0.02557171797997739
0.8510651367047593 0.33294127640679394 -0.025360162919129608
0.8528099000487493 0.3328968347599497 -0.02557171797997739
0.8510651367047593 0.33294127640679394 -0.025360162919129608
0.8528099000487493 0.3328968347599497 -0.02557171797997739
0.8510651367047593 0.33294127640679394 -0.025360162919129608
0.8493203733607692 0.3329857180536382 -0.02557171797997739
0.8510651367047593 0.33294127640679394 -0.025360162919129608
0.8510651367047593 0.33294127640679394 -0.025360162919129608
0.8510651367047593 0.33294127640679394 -0.025360162919129608
0.8528099000487493 0.3328968347599497 -0.02557171797997739
0.8510651367047593 0.33294127640679394 -0.025360162919129608
0.8510651367047593 0.33294127640679394 -0.025360162919129608
0.8528099000487493 0.3328968347599497 -0.02557171797997739
0.8528099000487493 0.3328968347599497 -0.02557171797997739
0.8528099000487493 0.3328968347599497 -0.02557171797997739
0.8528099000487493 0.3328968347599497 -0.02557171797997739
0.8510651367047593 0.33294127640679394 -0.025360162919129608
0.8510651367047593 0.33294127640679394 -0.025360162919129608
0.8510651367047593 0.33294127640679394 -0.025360162919129608
0.8528099000487493 0.3328968347599497 -0.02557171797997739
0.8528099000487493 0.3328968347599497 -0.02557171797997739
0.8493203827756391 0.3329860871668213 -0.02557171797997739
0.8528099000487493 0.3328968347599497 -0.02557171797997739
0.8510651367047593 0.33294127640679394 -0.025360162919129608
0.8510651367047593 0.33294127640679394 -0.025360162919129608
0.8510651367047593 0.33294127640679394 -0.025783273040825175
0.8528098906078502 0.3328964656474323 -0.02557171797997739
0.8528098906078502 0.3328964656474323 -0.02557171797997739
0.8528098906078502 0.3328964656474323 -0.02557171797997739
0.8528098906078502 0.3328964656474323 -0.02557171797997739
0.8528098906078502 0.3328964656474323 -0.02557171797997739
0.8510651272638601 0.33294090729427656 -0.025360162919129608
0.8510651272638601 0.33294090729427656 -0.025360162919129608
0.8528098906078502 0.3328964656474323 -0.02557171797997739
0.84932037333474 0.33298571805430394 -0.02557171797997739
0.8528098906078502 0.3328964656474323 -0.02557171797997739
0.8510651272638601 0.33294090729427656 -0.025360162919129608
0.8510651272638601 0.33294090729427656 -0.025360162919129608
0.8510651272638601 0.33294090729427656 -0.025360162919129608
0.8528098906078502 0.3328964656474323 -0.02557171797997739
0.8510651272638601 0.33294090729427656 -0.025360162919129608
0.8510651272638601 0.33294090729427656 -0.025360162919129608
0.8510651272638601 0.33294090729427656 -0.025360162919129608
0.8528098906078502 0.3328964656474323 -0.02557171797997739
0.8528098906078502 0.3328964656474323 -0.02557171797997739
0.8528098906078502 0.3328964656474323 -0.02557171797997739
0.8510651272638601 0.33294090729427656 -0.025360162919129608
